-1553.58 -1979.27 -1827.24
-1547.31 -1821.37 -1892.31
-1539.01 -1794.14 -1925.62
-1501.94 -1761.92 -1908.57
-1363.65 -1559.24 -1548.93
-1363.65 -1559.24 -1548.93
-1587.79 -1869.86 -1930.61
-1566.79 -1840.13 -1955.33
-1545.68 -1968.11 -1811.48
-1550.60 -1976.68 -1812.02
-1552.54 -1974.48 -1815.03
-1300.67 -1461.39 -1530.61
-1356.57 -1544.24 -1530.26
-1356.57 -1544.24 -1530.26
-1261.48 -1410.68 -1557.09
-1603.85 -1890.79 -1950.97
-1616.58 -1953.02 -1886.71
-1546.32 -1812.55 -1906.91
-1526.43 -1781.81 -1943.36
-1514.28 -1758.21 -1918.99
-1523.44 -1780.90 -1935.42
-1561.85 -1832.80 -1926.08
-1626.33 -1961.66 -1907.54
-1607.62 -1892.25 -1954.17
-1628.42 -1852.86 -1841.33
-1628.42 -1852.86 -1841.33
-1576.42 -2002.19 -1853.14
-1577.66 -1999.29 -1853.59
-1582.06 -1708.54 -1695.09
-1582.06 -1708.54 -1695.09
-1568.65 -1991.01 -1841.20
-1605.93 -1894.77 -1947.94
-1599.38 -1938.25 -1843.42
-1633.06 -1974.42 -1907.78
-1554.06 -1980.88 -1816.23
-1563.39 -1984.45 -1838.44
-1557.99 -1983.43 -1833.64
-1612.27 -1955.45 -1865.06
