-1694.60 -1840.29 -1638.46 -2063.22 -1834.55
-1791.48 -1905.33 -1756.84 -1847.07 -2050.97
-1186.76 -1267.85 -1217.47 -1212.27 -1367.93
-1798.51 -1920.02 -1764.23 -1861.65 -2063.44
-1837.57 -1969.92 -1775.29 -1907.44 -2007.87
-1793.89 -1985.12 -1732.57 -1914.13 -1950.73
-1130.16 -1269.08 -1140.80 -1194.63 -1236.86
-1132.47 -1271.50 -1143.49 -1198.71 -1238.21
-1788.16 -1892.45 -1835.82 -1836.04 -1973.14
-1788.16 -1892.45 -1835.82 -1836.04 -1973.14
-1862.64 -1917.05 -1752.81 -1867.05 -1959.47
-1858.96 -1910.20 -1747.06 -1859.55 -1951.15
-1861.40 -1914.43 -1750.53 -1864.48 -1955.62
-1861.40 -1914.43 -1750.53 -1864.48 -1955.62
-1827.78 -1945.84 -1805.52 -1888.34 -2025.71
-1827.78 -1945.84 -1805.52 -1888.34 -2025.71
-1860.79 -1914.90 -1750.70 -1863.45 -1956.10
-1860.79 -1914.90 -1750.70 -1863.45 -1956.10
-1762.60 -1874.49 -1731.98 -1816.55 -2017.24
-1848.43 -1941.18 -1771.30 -1880.19 -1985.89
-1823.37 -1935.78 -1804.49 -1882.97 -2013.15
-1823.37 -1935.78 -1804.49 -1882.97 -2013.15
-1848.79 -1947.33 -1771.25 -1886.09 -1992.46
-1848.79 -1947.33 -1771.25 -1886.09 -1992.46
-1765.13 -1869.80 -1735.17 -1825.27 -2049.69
-1645.94 -1770.32 -1588.14 -2028.48 -1769.01
-1646.42 -1774.49 -1588.64 -2032.72 -1765.91
-1109.07 -1185.51 -1141.07 -1135.53 -1284.69
-1124.38 -1262.16 -1130.65 -1185.67 -1224.47
-1124.24 -1199.74 -1157.22 -1139.71 -1305.73
-1132.70 -1210.04 -1169.56 -1154.37 -1304.60
-1079.27 -1142.65 -1174.11 -1086.99 -1193.39
-1119.70 -1186.03 -1213.99 -1127.39 -1235.79
-1122.82 -1189.71 -1212.99 -1130.47 -1238.91
-1795.89 -1994.97 -1733.79 -1917.49 -1963.83
-1785.01 -1983.32 -1727.41 -1918.86 -1947.53
-1803.74 -1961.70 -1741.50 -1889.25 -1971.81
-1747.51 -1902.00 -1697.86 -1986.06 -1893.47
-1750.15 -1905.23 -1699.97 -1990.22 -1897.72
-1736.68 -1890.89 -1692.10 -1974.92 -1886.31
-1808.88 -1963.83 -1751.38 -1910.60 -1970.00
-1645.12 -1766.23 -1597.47 -2009.16 -1771.11
-1700.35 -1847.15 -1644.77 -2063.48 -1841.24
-1569.71 -1643.55 -1537.09 -1585.56 -1892.27
-1640.39 -1765.93 -1581.17 -2018.60 -1758.92
