%MultiClassSVM
multiclass_type=0;
num_classes=53;
num_svms=53;
kernel='PolyKernel';

%SVM 0 of 52
numsv0=53;
b0=+5.7432480115741707e-07;
alphas0=[
	[-3.6323389616010047e-04,0];
	[-3.6317224638115266e-04,1];
	[-3.6318105434900920e-04,2];
	[-3.6316489680049971e-04,3];
	[-3.6322585063700507e-04,4];
	[-3.6324040632575063e-04,5];
	[-3.6324242726813743e-04,6];
	[-3.6317512993046047e-04,7];
	[-3.6316555762309758e-04,8];
	[-3.6320384167055382e-04,9];
	[-3.6320103561615733e-04,10];
	[-3.6317095422648576e-04,11];
	[-3.6318070847590728e-04,12];
	[-3.6318193242390671e-04,13];
	[-3.6317865915425887e-04,14];
	[-3.6319231227435733e-04,15];
	[-3.6324755453406203e-04,16];
	[-3.6318456140183248e-04,17];
	[-3.6319070639313485e-04,18];
	[-3.6320137004560197e-04,19];
	[-3.6324395120573090e-04,20];
	[-3.6318105405951377e-04,21];
	[-3.6323504445179598e-04,22];
	[-3.6316829237183169e-04,23];
	[-3.6323244408248341e-04,24];
	[-3.6321602851538165e-04,25];
	[-3.6318127661911500e-04,26];
	[-3.6319666711387893e-04,27];
	[-3.6321820663238926e-04,28];
	[-3.6318909347346690e-04,29];
	[+1.8865962266957966e-02,30];
	[-3.6323227418904176e-04,31];
	[-3.6318371492125853e-04,32];
	[-3.6318670685515057e-04,33];
	[-3.5415680734974804e-04,34];
	[-3.6320464431883863e-04,35];
	[-3.6162362688634843e-04,36];
	[-3.5413437892708555e-04,37];
	[-3.6323949945689333e-04,38];
	[-3.6325713558326892e-04,39];
	[-3.6315367808975786e-04,40];
	[-3.6323964378449458e-04,41];
	[-3.6319602385567875e-04,42];
	[-3.6163022173009776e-04,43];
	[-3.6323766258923666e-04,44];
	[-3.6318899434136025e-04,45];
	[-3.6322735734706468e-04,46];
	[-3.6318838870997102e-04,47];
	[-3.6324299517023198e-04,48];
	[-3.6319207865352057e-04,49];
	[-3.6320553249857558e-04,50];
	[-3.6323407455080036e-04,51];
	[-3.6323534213132490e-04,52];
];

%SVM 1 of 52
numsv1=53;
b1=+5.7301712768471035e-07;
alphas1=[
	[-3.6319489695926831e-04,0];
	[-3.6318307195477942e-04,1];
	[-3.6322350924004599e-04,2];
	[-3.6323696556344530e-04,3];
	[-3.6323715102157820e-04,4];
	[-3.6317976332306094e-04,5];
	[-3.6317250044860409e-04,6];
	[-3.6323543422379852e-04,7];
	[-3.6319241475086026e-04,8];
	[-3.6321604378698773e-04,9];
	[-3.6317133431418438e-04,10];
	[-3.6316043177342009e-04,11];
	[-3.6324720243763174e-04,12];
	[-3.6321685999975579e-04,13];
	[-3.6315928006804763e-04,14];
	[-3.6319711592719915e-04,15];
	[-3.6318594548662159e-04,16];
	[-3.6318802391007294e-04,17];
	[-3.6317507779492055e-04,18];
	[-3.6323422792179275e-04,19];
	[-3.6318279193683873e-04,20];
	[-3.6320047448793331e-04,21];
	[-3.6324632090153637e-04,22];
	[-3.6323360474165413e-04,23];
	[-3.6321168233518933e-04,24];
	[-3.6318071315012218e-04,25];
	[-3.6322577695168567e-04,26];
	[-3.6324098035744754e-04,27];
	[-3.6319737170408374e-04,28];
	[-3.6316836337338594e-04,29];
	[-3.6322979547392134e-04,30];
	[+1.8865956712802417e-02,31];
	[-3.6320034003173453e-04,32];
	[-3.6324230803269191e-04,33];
	[-3.5410816884052929e-04,34];
	[-3.6318819666701299e-04,35];
	[-3.6156396755030910e-04,36];
	[-3.5416755320852192e-04,37];
	[-3.6318278940924786e-04,38];
	[-3.6319376965747864e-04,39];
	[-3.6320770129976451e-04,40];
	[-3.6316119244769973e-04,41];
	[-3.6324389994726408e-04,42];
	[-3.6158598975715670e-04,43];
	[-3.6324600584357292e-04,44];
	[-3.6323959222351817e-04,45];
	[-3.6323279469718833e-04,46];
	[-3.6324813473970804e-04,47];
	[-3.6319266604545471e-04,48];
	[-3.6317674024543601e-04,49];
	[-3.6323693867293524e-04,50];
	[-3.6320021187610660e-04,51];
	[-3.6323960816152663e-04,52];
];

%SVM 2 of 52
numsv2=53;
b2=+5.9315147252913961e-07;
alphas2=[
	[-3.6323527123688023e-04,0];
	[-3.6319034017412861e-04,1];
	[-3.6317997339204767e-04,2];
	[-3.6318155095200956e-04,3];
	[-3.6324510900910973e-04,4];
	[-3.6317255988440082e-04,5];
	[-3.6323246257697852e-04,6];
	[-3.6321736886346759e-04,7];
	[-3.6317724410953148e-04,8];
	[-3.6324394667235495e-04,9];
	[-3.6322666926197274e-04,10];
	[-3.6323121089761046e-04,11];
	[-3.6316463098288651e-04,12];
	[-3.6317888479170244e-04,13];
	[-3.6325383674814122e-04,14];
	[-3.6324891642299786e-04,15];
	[-3.6323611193234156e-04,16];
	[-3.6324082440328319e-04,17];
	[-3.6319344545662779e-04,18];
	[-3.6315815748556737e-04,19];
	[-3.6316198567028869e-04,20];
	[-3.6319117272770439e-04,21];
	[-3.6316747723607760e-04,22];
	[-3.6317088179806063e-04,23];
	[-3.6320163767350786e-04,24];
	[-3.6318088932824950e-04,25];
	[-3.6322027383900267e-04,26];
	[-3.6326249553680196e-04,27];
	[-3.6318338185104329e-04,28];
	[-3.6318918218707780e-04,29];
	[-3.6322514977664064e-04,30];
	[-3.6318884040629655e-04,31];
	[+1.8865959766482889e-02,32];
	[-3.6319500218384606e-04,33];
	[-3.5418021890077625e-04,34];
	[-3.6321138437120170e-04,35];
	[-3.6157177515072110e-04,36];
	[-3.5409620604980784e-04,37];
	[-3.6318058011972353e-04,38];
	[-3.6324537754823546e-04,39];
	[-3.6315532467726998e-04,40];
	[-3.6325086846689770e-04,41];
	[-3.6316548432550861e-04,42];
	[-3.6161911757257899e-04,43];
	[-3.6318010763049572e-04,44];
	[-3.6322562792849431e-04,45];
	[-3.6322679611160526e-04,46];
	[-3.6323405908795896e-04,47];
	[-3.6322399459834539e-04,48];
	[-3.6318331607578349e-04,49];
	[-3.6320264576964769e-04,50];
	[-3.6323715413627095e-04,51];
	[-3.6322969102039364e-04,52];
];

%SVM 3 of 52
numsv3=53;
b3=+5.8039015551208939e-07;
alphas3=[
	[-3.6317090455839835e-04,0];
	[-3.6319611720600584e-04,1];
	[-3.6319603320623673e-04,2];
	[-3.6316512196607047e-04,3];
	[-3.6323711985490533e-04,4];
	[-3.6318546649435131e-04,5];
	[-3.6322476894238171e-04,6];
	[-3.6323846282869425e-04,7];
	[-3.6318216072323423e-04,8];
	[-3.6318494727439126e-04,9];
	[-3.6318814314394165e-04,10];
	[-3.6323586565575698e-04,11];
	[-3.6323243777747899e-04,12];
	[-3.6317878841557124e-04,13];
	[-3.6324445192879433e-04,14];
	[-3.6323181873348985e-04,15];
	[-3.6316534881178982e-04,16];
	[-3.6324263630613799e-04,17];
	[-3.6322037368148965e-04,18];
	[-3.6319100175422780e-04,19];
	[-3.6317385876139490e-04,20];
	[-3.6321369127273603e-04,21];
	[-3.6325954804424947e-04,22];
	[-3.6323558532354029e-04,23];
	[-3.6316585378983352e-04,24];
	[-3.6318965579383930e-04,25];
	[-3.6323897739852826e-04,26];
	[-3.6322464317812083e-04,27];
	[-3.6323330329255456e-04,28];
	[-3.6317982494421487e-04,29];
	[-3.6319021446545949e-04,30];
	[-3.6317624025647476e-04,31];
	[-3.6322761053603203e-04,32];
	[+1.8865959777506516e-02,33];
	[-3.5419021992155015e-04,34];
	[-3.6316232166248814e-04,35];
	[-3.6162657538385610e-04,36];
	[-3.5412917449997774e-04,37];
	[-3.6317050877064595e-04,38];
	[-3.6318476234163032e-04,39];
	[-3.6318132363314049e-04,40];
	[-3.6323628015802657e-04,41];
	[-3.6317069960897455e-04,42];
	[-3.6155138677958519e-04,43];
	[-3.6322249910354589e-04,44];
	[-3.6322815709194953e-04,45];
	[-3.6322723408874327e-04,46];
	[-3.6322793283907100e-04,47];
	[-3.6319046110806476e-04,48];
	[-3.6318834187409275e-04,49];
	[-3.6323713335100594e-04,50];
	[-3.6325408923238811e-04,51];
	[-3.6317930958193511e-04,52];
];

%SVM 4 of 52
numsv4=53;
b4=-1.2639348707387617e-05;
alphas4=[
	[-3.5440248591583635e-04,0];
	[-3.5442699874371921e-04,1];
	[-3.5440194453683363e-04,2];
	[-3.5438268955112506e-04,3];
	[-3.5440897472628402e-04,4];
	[-3.5444229424317470e-04,5];
	[-3.5437358929109027e-04,6];
	[-3.5436104296892158e-04,7];
	[-3.5443362399545717e-04,8];
	[-3.5436948298685146e-04,9];
	[-3.5438150063834195e-04,10];
	[-3.5436345428831672e-04,11];
	[-3.5438148451378903e-04,12];
	[-3.5441653646063918e-04,13];
	[-3.5443637826736515e-04,14];
	[-3.5438746036826321e-04,15];
	[-3.5442033650009595e-04,16];
	[-3.5443199470844381e-04,17];
	[-3.5442367448437095e-04,18];
	[-3.5438099143478334e-04,19];
	[-3.5441180005403648e-04,20];
	[-3.5443491198022917e-04,21];
	[-3.5438465512395775e-04,22];
	[-3.5436167735327642e-04,23];
	[-3.5437046194621155e-04,24];
	[-3.5438158939201628e-04,25];
	[-3.5443045334941951e-04,26];
	[-3.5441379949030998e-04,27];
	[-3.5437842778683506e-04,28];
	[-3.5438198970817779e-04,29];
	[-3.5442379830002372e-04,30];
	[-3.5442507577743826e-04,31];
	[-3.5439738410770235e-04,32];
	[-3.5436100617841404e-04,33];
	[+1.8912584651996633e-02,34];
	[-3.5435459212611922e-04,35];
	[-3.5283767661127184e-04,36];
	[-8.5424609198637166e-04,37];
	[-3.5443730542642128e-04,38];
	[-3.5442525721346419e-04,39];
	[-3.5434207847894400e-04,40];
	[-3.5438484756876866e-04,41];
	[-3.5441950907608654e-04,42];
	[-3.5283275890249941e-04,43];
	[-3.5435667002034455e-04,44];
	[-3.5441413173193943e-04,45];
	[-3.5437349205148159e-04,46];
	[-3.5435154077298724e-04,47];
	[-3.5436395634236880e-04,48];
	[-3.5436468016703096e-04,49];
	[-3.5440462503942230e-04,50];
	[-3.5436056091982433e-04,51];
	[-3.5437025709692378e-04,52];
];

%SVM 5 of 52
numsv5=53;
b5=+5.4215793446153867e-07;
alphas5=[
	[-3.6314209258988818e-04,0];
	[-3.6315265305554865e-04,1];
	[-3.6315246274799530e-04,2];
	[-3.6313507634418179e-04,3];
	[-3.6315987924831955e-04,4];
	[-3.6315323753230921e-04,5];
	[-3.6315994404245293e-04,6];
	[-3.6314184872153238e-04,7];
	[-3.6321382322195039e-04,8];
	[-3.6321299662187657e-04,9];
	[-3.6318722084074473e-04,10];
	[-3.6314105917630474e-04,11];
	[-3.6319617864810584e-04,12];
	[-3.6321638291673031e-04,13];
	[-3.6315063735622592e-04,14];
	[-3.6319104077320866e-04,15];
	[-3.6319428903212235e-04,16];
	[-3.6320922853282062e-04,17];
	[-3.6321575536465885e-04,18];
	[-3.6319728219816674e-04,19];
	[-3.6320383660371511e-04,20];
	[-3.6315607005046429e-04,21];
	[-3.6319200851464540e-04,22];
	[-3.6314268022813001e-04,23];
	[-3.6313557563990201e-04,24];
	[-3.6314973959614350e-04,25];
	[-3.6319158051024996e-04,26];
	[-3.6321602469758184e-04,27];
	[-3.6314274657137839e-04,28];
	[-3.6321735519313460e-04,29];
	[-3.6315229965416942e-04,30];
	[-3.6317332517439772e-04,31];
	[-3.6315274301358029e-04,32];
	[-3.6318348796123587e-04,33];
	[-3.5411623390443122e-04,34];
	[+1.8866049287384716e-02,35];
	[-3.6160308688883115e-04,36];
	[-3.5414336562190869e-04,37];
	[-3.6314706606676065e-04,38];
	[-3.6314774579588303e-04,39];
	[-3.6501083705546734e-04,40];
	[-3.6313577391849282e-04,41];
	[-3.6313721369678615e-04,42];
	[-3.6153180747533226e-04,43];
	[-3.6320324558328405e-04,44];
	[-3.6318290089066760e-04,45];
	[-3.6320957424390842e-04,46];
	[-3.6321741960577427e-04,47];
	[-3.6313086385837489e-04,48];
	[-3.6317845550221144e-04,49];
	[-3.6318787226816471e-04,50];
	[-3.6312749079938321e-04,51];
	[-3.6316361390072198e-04,52];
];

%SVM 6 of 52
numsv6=53;
b6=-1.7669315940973792e-06;
alphas6=[
	[-3.6159732626743843e-04,0];
	[-3.6165621435174991e-04,1];
	[-3.6161657897265892e-04,2];
	[-3.6165742314736853e-04,3];
	[-3.6161237721144072e-04,4];
	[-3.6161966403706403e-04,5];
	[-3.6162050889696840e-04,6];
	[-3.6166547568815212e-04,7];
	[-3.6161044898871340e-04,8];
	[-3.6167419651430074e-04,9];
	[-3.6162362025680673e-04,10];
	[-3.6162685879663465e-04,11];
	[-3.6165442782842448e-04,12];
	[-3.6165917138971011e-04,13];
	[-3.6165259101004213e-04,14];
	[-3.6168752711484382e-04,15];
	[-3.6161096378539888e-04,16];
	[-3.6165848875598994e-04,17];
	[-3.6161367152703271e-04,18];
	[-3.6160593518805648e-04,19];
	[-3.6162212189264238e-04,20];
	[-3.6166351159159268e-04,21];
	[-3.6161643454052378e-04,22];
	[-3.6167141089012606e-04,23];
	[-3.6166658808089720e-04,24];
	[-3.6167842304162098e-04,25];
	[-3.6163453137081925e-04,26];
	[-3.6160826087064288e-04,27];
	[-3.6166827872363184e-04,28];
	[-3.6167489522759033e-04,29];
	[-3.6160165076938355e-04,30];
	[-3.6168943752726566e-04,31];
	[-3.6166276527564137e-04,32];
	[-3.6166565554965205e-04,33];
	[-3.5259052127290435e-04,34];
	[-3.6162957263588546e-04,35];
	[+1.8871305280631127e-02,36];
	[-3.5264625340861730e-04,37];
	[-3.6166314191476902e-04,38];
	[-3.6161532015596649e-04,39];
	[-3.6162151930619436e-04,40];
	[-3.6161506613035209e-04,41];
	[-3.6161035534593242e-04,42];
	[-4.4761271173399819e-04,43];
	[-3.6160381869360873e-04,44];
	[-3.6162452903744569e-04,45];
	[-3.6165825201292013e-04,46];
	[-3.6158733228553027e-04,47];
	[-3.6162965128283694e-04,48];
	[-3.6163000928767305e-04,49];
	[-3.6166668937980944e-04,50];
	[-3.6162308376357376e-04,51];
	[-3.6159694949638050e-04,52];
];

%SVM 7 of 52
numsv7=53;
b7=-1.2628934232246890e-05;
alphas7=[
	[-3.5443497035468586e-04,0];
	[-3.5442362715053011e-04,1];
	[-3.5442191325226369e-04,2];
	[-3.5433781875790146e-04,3];
	[-3.5437680774281371e-04,4];
	[-3.5444044263547263e-04,5];
	[-3.5437800721279538e-04,6];
	[-3.5435121536469492e-04,7];
	[-3.5434272372557058e-04,8];
	[-3.5441529276662649e-04,9];
	[-3.5436158235228421e-04,10];
	[-3.5438787090313353e-04,11];
	[-3.5441403002658907e-04,12];
	[-3.5441660679869791e-04,13];
	[-3.5435880868180819e-04,14];
	[-3.5441381377308655e-04,15];
	[-3.5436075762879896e-04,16];
	[-3.5443184658623872e-04,17];
	[-3.5443765069355409e-04,18];
	[-3.5437234851594867e-04,19];
	[-3.5438154981119751e-04,20];
	[-3.5437954232109378e-04,21];
	[-3.5444019099957632e-04,22];
	[-3.5437033966110855e-04,23];
	[-3.5439664149029858e-04,24];
	[-3.5434683438166973e-04,25];
	[-3.5435954496622216e-04,26];
	[-3.5435432500008194e-04,27];
	[-3.5442258161872976e-04,28];
	[-3.5436119617051633e-04,29];
	[-3.5438192926339065e-04,30];
	[-3.5440840573768375e-04,31];
	[-3.5436863228682802e-04,32];
	[-3.5435487701417382e-04,33];
	[-8.5426235059787511e-04,34];
	[-3.5438177059970543e-04,35];
	[-3.5285324996440424e-04,36];
	[+1.8912568581480937e-02,37];
	[-3.5442205075893380e-04,38];
	[-3.5445164994247016e-04,39];
	[-3.5433524329829801e-04,40];
	[-3.5441666957841878e-04,41];
	[-3.5445090275750500e-04,42];
	[-3.5279003980516504e-04,43];
	[-3.5437036980327731e-04,44];
	[-3.5441297190576802e-04,45];
	[-3.5441533689369259e-04,46];
	[-3.5435726056235492e-04,47];
	[-3.5442665396503178e-04,48];
	[-3.5441501185253882e-04,49];
	[-3.5437076588976286e-04,50];
	[-3.5444162147658926e-04,51];
	[-3.5441887041532581e-04,52];
];

%SVM 8 of 52
numsv8=53;
b8=+5.8779496282535806e-07;
alphas8=[
	[-3.6322405357160997e-04,0];
	[-3.6318735658979486e-04,1];
	[-3.6318022918185335e-04,2];
	[-3.6321979413695164e-04,3];
	[-3.6322881759067620e-04,4];
	[-3.6317576519423624e-04,5];
	[-3.6321747455252400e-04,6];
	[-3.6318826701814644e-04,7];
	[-3.6324803156296751e-04,8];
	[-3.6321363681286625e-04,9];
	[-3.6317008563804934e-04,10];
	[-3.6320233063107712e-04,11];
	[-3.6317292618104384e-04,12];
	[-3.6316371379298881e-04,13];
	[-3.6321202573385761e-04,14];
	[-3.6322585257895997e-04,15];
	[-3.6317277764471786e-04,16];
	[-3.6323284061908206e-04,17];
	[-3.6318006956759930e-04,18];
	[-3.6317580679446514e-04,19];
	[-3.6318778756761166e-04,20];
	[-3.6322965747885273e-04,21];
	[-3.6319012235140169e-04,22];
	[-3.6321589797964823e-04,23];
	[-3.6317020845647442e-04,24];
	[-3.6318128339316540e-04,25];
	[-3.6318564387717491e-04,26];
	[-3.6323163456139068e-04,27];
	[-3.6319198025178568e-04,28];
	[-3.6323869116520688e-04,29];
	[-3.6318978226981482e-04,30];
	[-3.6322097783406874e-04,31];
	[-3.6322748071596035e-04,32];
	[-3.6323376762339125e-04,33];
	[-3.5413271515600278e-04,34];
	[-3.6319843776145069e-04,35];
	[-3.6161535303354416e-04,36];
	[-3.5411181760108433e-04,37];
	[+1.8865984116130233e-02,38];
	[-3.6317872723901014e-04,39];
	[-3.6314099362727835e-04,40];
	[-3.6351605539380909e-04,41];
	[-3.6316643980712193e-04,42];
	[-3.6161546070311094e-04,43];
	[-3.6321425306549022e-04,44];
	[-3.6318156514759888e-04,45];
	[-3.6319728800652748e-04,46];
	[-3.6321386977047139e-04,47];
	[-3.6318179445749503e-04,48];
	[-3.6318890220290214e-04,49];
	[-3.6322954151123387e-04,50];
	[-3.6324791235824172e-04,51];
	[-3.6317842340562130e-04,52];
];

%SVM 9 of 52
numsv9=53;
b9=+6.0458020229156237e-07;
alphas9=[
	[-3.6323870175693635e-04,0];
	[-3.6323657565712122e-04,1];
	[-3.6323423164519883e-04,2];
	[-3.6324089763460849e-04,3];
	[-3.6318389855507642e-04,4];
	[-3.6323091623493100e-04,5];
	[-3.6317429164999361e-04,6];
	[-3.6319817008180765e-04,7];
	[-3.6320179788512788e-04,8];
	[-3.6316838355631321e-04,9];
	[-3.6318422886520246e-04,10];
	[-3.6324364525315366e-04,11];
	[-3.6324871528157376e-04,12];
	[-3.6320027316395260e-04,13];
	[-3.6316249241183710e-04,14];
	[-3.6316729538849043e-04,15];
	[-3.6325164541210612e-04,16];
	[-3.6325578480090508e-04,17];
	[-3.6319139270529917e-04,18];
	[-3.6317292226004664e-04,19];
	[-3.6319148837763088e-04,20];
	[-3.6325211362313065e-04,21];
	[-3.6318473726169718e-04,22];
	[-3.6317701294448127e-04,23];
	[-3.6323638670563769e-04,24];
	[-3.6324780129921727e-04,25];
	[-3.6323247780216481e-04,26];
	[-3.6319266547203108e-04,27];
	[-3.6317721807846236e-04,28];
	[-3.6322689471288594e-04,29];
	[-3.6319000749524682e-04,30];
	[-3.6318117119337693e-04,31];
	[-3.6321973205040583e-04,32];
	[-3.6319877165106278e-04,33];
	[-3.5415116997490576e-04,34];
	[-3.6314175314396731e-04,35];
	[-3.6156129969597674e-04,36];
	[-3.5417443686846367e-04,37];
	[-3.6322119519250365e-04,38];
	[+1.8865960127866132e-02,39];
	[-3.6318759864437187e-04,40];
	[-3.6319213141962911e-04,41];
	[-3.6325586440608175e-04,42];
	[-3.6160434265845864e-04,43];
	[-3.6317718418031071e-04,44];
	[-3.6318053962017510e-04,45];
	[-3.6318672190912085e-04,46];
	[-3.6318210229318448e-04,47];
	[-3.6323545492605158e-04,48];
	[-3.6317369108615299e-04,49];
	[-3.6317883167257724e-04,50];
	[-3.6322819732315526e-04,51];
	[-3.6322829378163449e-04,52];
];

%SVM 10 of 52
numsv10=53;
b10=+5.5226927332051009e-07;
alphas10=[
	[-3.6314035427984924e-04,0];
	[-3.6319715902484321e-04,1];
	[-3.6313034993901551e-04,2];
	[-3.6316251285085140e-04,3];
	[-3.6314894140525891e-04,4];
	[-3.6322851072509405e-04,5];
	[-3.6320753181808907e-04,6];
	[-3.6320600032295334e-04,7];
	[-3.6319623273721056e-04,8];
	[-3.6318999026113024e-04,9];
	[-3.6320780897847117e-04,10];
	[-3.6313191078939962e-04,11];
	[-3.6319654739847945e-04,12];
	[-3.6320312474600176e-04,13];
	[-3.6315283154306270e-04,14];
	[-3.6315459579257633e-04,15];
	[-3.6313837673747530e-04,16];
	[-3.6313423082242534e-04,17];
	[-3.6319888339546557e-04,18];
	[-3.6320242244629520e-04,19];
	[-3.6315413788520822e-04,20];
	[-3.6313594581050912e-04,21];
	[-3.6313256324747292e-04,22];
	[-3.6321810436985917e-04,23];
	[-3.6316777387065312e-04,24];
	[-3.6313925596830992e-04,25];
	[-3.6319429373224508e-04,26];
	[-3.6315213526893483e-04,27];
	[-3.6315564754709878e-04,28];
	[-3.6315631032790314e-04,29];
	[-3.6318186604238767e-04,30];
	[-3.6320733382625049e-04,31];
	[-3.6315224918682243e-04,32];
	[-3.6319038427979928e-04,33];
	[-3.5413795158681171e-04,34];
	[-3.6499354782363561e-04,35];
	[-3.6160962352705983e-04,36];
	[-3.5413811385660344e-04,37];
	[-3.6321246535737608e-04,38];
	[-3.6318888488291739e-04,39];
	[+1.8866068455023467e-02,40];
	[-3.6318082263270659e-04,41];
	[-3.6313517119669365e-04,42];
	[-3.6154355068415304e-04,43];
	[-3.6314922893295766e-04,44];
	[-3.6314216553711808e-04,45];
	[-3.6320994995448202e-04,46];
	[-3.6314360117397992e-04,47];
	[-3.6314395885283244e-04,48];
	[-3.6320306363444389e-04,49];
	[-3.6319375714871931e-04,50];
	[-3.6318097544086594e-04,51];
	[-3.6314303614938726e-04,52];
];

%SVM 11 of 52
numsv11=53;
b11=+5.6989596627395186e-07;
alphas11=[
	[-3.6316520877922870e-04,0];
	[-3.6321965797643421e-04,1];
	[-3.6317890605197273e-04,2];
	[-3.6315801383409504e-04,3];
	[-3.6322363929426919e-04,4];
	[-3.6321586034759732e-04,5];
	[-3.6321816720637180e-04,6];
	[-3.6317170494188950e-04,7];
	[-3.6317499648103296e-04,8];
	[-3.6318647107568116e-04,9];
	[-3.6319786108027853e-04,10];
	[-3.6323822363951299e-04,11];
	[-3.6324130596990370e-04,12];
	[-3.6318657949970066e-04,13];
	[-3.6322305922823389e-04,14];
	[-3.6318270314401397e-04,15];
	[-3.6323694899993302e-04,16];
	[-3.6314609408101930e-04,17];
	[-3.6323838594203641e-04,18];
	[-3.6323365640703883e-04,19];
	[-3.6318057741384992e-04,20];
	[-3.6322316377473491e-04,21];
	[-3.6323888594817387e-04,22];
	[-3.6323323656600195e-04,23];
	[-3.6316433927930920e-04,24];
	[-3.6318586291508761e-04,25];
	[-3.6315035820523551e-04,26];
	[-3.6315209911056654e-04,27];
	[-3.6322683529787793e-04,28];
	[-3.6322279220231570e-04,29];
	[-3.6318522958987519e-04,30];
	[-3.6319372608819325e-04,31];
	[-3.6318919922510070e-04,32];
	[-3.6319075000605167e-04,33];
	[-3.5415883787131896e-04,34];
	[-3.6313637778206769e-04,35];
	[-3.6162401862704018e-04,36];
	[-3.5409579310825395e-04,37];
	[-3.6353041734698920e-04,38];
	[-3.6321461148671326e-04,39];
	[-3.6319010466155064e-04,40];
	[+1.8865972252169592e-02,41];
	[-3.6322360110627362e-04,42];
	[-3.6155968068663825e-04,43];
	[-3.6323924550638579e-04,44];
	[-3.6317636626246078e-04,45];
	[-3.6318507780647602e-04,46];
	[-3.6323761669361748e-04,47];
	[-3.6321611257853262e-04,48];
	[-3.6321064418902698e-04,49];
	[-3.6322314643875151e-04,50];
	[-3.6322896081987695e-04,51];
	[-3.6317724362872370e-04,52];
];

%SVM 12 of 52
numsv12=53;
b12=+5.8729291018533693e-07;
alphas12=[
	[-3.6325713863245797e-04,0];
	[-3.6323187048677011e-04,1];
	[-3.6317307958361861e-04,2];
	[-3.6324206352488794e-04,3];
	[-3.6319797873907779e-04,4];
	[-3.6323136013756093e-04,5];
	[-3.6324469457646620e-04,6];
	[-3.6317885431039806e-04,7];
	[-3.6316106899837036e-04,8];
	[-3.6316489208733041e-04,9];
	[-3.6319545085755850e-04,10];
	[-3.6323374140706700e-04,11];
	[-3.6321992155086775e-04,12];
	[-3.6325470384323774e-04,13];
	[-3.6315913140220525e-04,14];
	[-3.6322171191187564e-04,15];
	[-3.6317297798874780e-04,16];
	[-3.6318943330840021e-04,17];
	[-3.6324402084093199e-04,18];
	[-3.6324255385118134e-04,19];
	[-3.6321443755314963e-04,20];
	[-3.6318622181560911e-04,21];
	[-3.6315374574346645e-04,22];
	[-3.6318218751988003e-04,23];
	[-3.6319330182050884e-04,24];
	[-3.6324813640695083e-04,25];
	[-3.6325384580445898e-04,26];
	[-3.6316847074977220e-04,27];
	[-3.6323677510700870e-04,28];
	[-3.6324143196186064e-04,29];
	[-3.6318710280344577e-04,30];
	[-3.6324894591004744e-04,31];
	[-3.6323854427966246e-04,32];
	[-3.6323032007821082e-04,33];
	[-3.5419558525348697e-04,34];
	[-3.6321821035527460e-04,35];
	[-3.6163076906229783e-04,36];
	[-3.5409527610016206e-04,37];
	[-3.6315076915168442e-04,38];
	[-3.6316652880268897e-04,39];
	[-3.6314503594382316e-04,40];
	[-3.6325623102223715e-04,41];
	[+1.8865954329865934e-02,42];
	[-3.6163879773361046e-04,43];
	[-3.6318618812645678e-04,44];
	[-3.6319441458284923e-04,45];
	[-3.6317710273124621e-04,46];
	[-3.6319897479355291e-04,47];
	[-3.6316981630539886e-04,48];
	[-3.6316674478898249e-04,49];
	[-3.6318304510899325e-04,50];
	[-3.6316226103847278e-04,51];
	[-3.6323117046147880e-04,52];
];

%SVM 13 of 52
numsv13=53;
b13=-1.7621462746798561e-06;
alphas13=[
	[-3.6168232550266437e-04,0];
	[-3.6162163210121811e-04,1];
	[-3.6161039820995449e-04,2];
	[-3.6166045581932166e-04,3];
	[-3.6165975540921919e-04,4];
	[-3.6167553676105980e-04,5];
	[-3.6159990833872335e-04,6];
	[-3.6162447659713400e-04,7];
	[-3.6166449206029554e-04,8];
	[-3.6166301573116753e-04,9];
	[-3.6160433356311519e-04,10];
	[-3.6165554948804145e-04,11];
	[-3.6158682145982833e-04,12];
	[-3.6166496359440217e-04,13];
	[-3.6166869478929141e-04,14];
	[-3.6167255398215513e-04,15];
	[-3.6164848120169134e-04,16];
	[-3.6161333760630359e-04,17];
	[-3.6168711396775084e-04,18];
	[-3.6167206847165175e-04,19];
	[-3.6165573966887797e-04,20];
	[-3.6162130540308516e-04,21];
	[-3.6159492693772609e-04,22];
	[-3.6164524126234057e-04,23];
	[-3.6165368867315325e-04,24];
	[-3.6160057579882735e-04,25];
	[-3.6166710594788385e-04,26];
	[-3.6165960523486582e-04,27];
	[-3.6160813957395306e-04,28];
	[-3.6161569832352734e-04,29];
	[-3.6166773911975594e-04,30];
	[-3.6162134525257882e-04,31];
	[-3.6165768803740009e-04,32];
	[-3.6166173381021934e-04,33];
	[-3.5260351508903826e-04,34];
	[-3.6157798668823201e-04,35];
	[-4.4761826824253235e-04,36];
	[-3.5259630096231811e-04,37];
	[-3.6166963540550638e-04,38];
	[-3.6162645919374963e-04,39];
	[-3.6159463668850494e-04,40];
	[-3.6165908837393769e-04,41];
	[-3.6167280720301759e-04,42];
	[+1.8871308480104078e-02,43];
	[-3.6166769753909368e-04,44];
	[-3.6160235501357018e-04,45];
	[-3.6160087680595473e-04,46];
	[-3.6160790213249420e-04,47];
	[-3.6167188844073400e-04,48];
	[-3.6162570940842802e-04,49];
	[-3.6161582075728107e-04,50];
	[-3.6158809826853305e-04,51];
	[-3.6160513246665758e-04,52];
];

%SVM 14 of 52
numsv14=53;
b14=+5.9945826064969517e-07;
alphas14=[
	[-3.6317199991689367e-04,0];
	[-3.6318090620382363e-04,1];
	[-3.6321869969287488e-04,2];
	[-3.6316348318863055e-04,3];
	[-3.6324314042083649e-04,4];
	[-3.6316844098208649e-04,5];
	[-3.6318182934147681e-04,6];
	[-3.6318741926466845e-04,7];
	[-3.6318688317290752e-04,8];
	[-3.6316634184345475e-04,9];
	[-3.6324626987007655e-04,10];
	[-3.6318956569354635e-04,11];
	[-3.6324416525958166e-04,12];
	[-3.6316471346800128e-04,13];
	[-3.6319259224469922e-04,14];
	[-3.6324141386182761e-04,15];
	[-3.6321101078836142e-04,16];
	[-3.6325640284579899e-04,17];
	[-3.6323669223121659e-04,18];
	[-3.6323555349161252e-04,19];
	[-3.6322206230734593e-04,20];
	[-3.6322976244643781e-04,21];
	[-3.6322330969368544e-04,22];
	[-3.6322829498748127e-04,23];
	[-3.6323233454781421e-04,24];
	[-3.6322022203816507e-04,25];
	[-3.6318701338545708e-04,26];
	[-3.6323403235355656e-04,27];
	[-3.6316728781701080e-04,28];
	[-3.6322499252794410e-04,29];
	[-3.6323599251840156e-04,30];
	[-3.6317806656068445e-04,31];
	[-3.6316955689322066e-04,32];
	[-3.6316859906508473e-04,33];
	[-3.5410394201456562e-04,34];
	[-3.6319609902914207e-04,35];
	[-3.6155369006470327e-04,36];
	[-3.5417670701351429e-04,37];
	[-3.6322481061175593e-04,38];
	[-3.6322810591399150e-04,39];
	[-3.6318589075689682e-04,40];
	[-3.6317871289446657e-04,41];
	[-3.6317862548234590e-04,42];
	[-3.6162405807520193e-04,43];
	[+1.8865956417081102e-02,44];
	[-3.6324029917956803e-04,45];
	[-3.6322671844455701e-04,46];
	[-3.6324946568504571e-04,47];
	[-3.6318255921137857e-04,48];
	[-3.6319433007614188e-04,49];
	[-3.6316974748321290e-04,50];
	[-3.6324442083395843e-04,51];
	[-3.6318972512534500e-04,52];
];

%SVM 15 of 52
numsv15=53;
b15=+6.0063532618723605e-07;
alphas15=[
	[-3.6324612009184181e-04,0];
	[-3.6321506040215828e-04,1];
	[-3.6323633408520640e-04,2];
	[-3.6322374871826688e-04,3];
	[-3.6324101446140689e-04,4];
	[-3.6324970450986544e-04,5];
	[-3.6325086321768290e-04,6];
	[-3.6319728215780715e-04,7];
	[-3.6325402761923207e-04,8];
	[-3.6315975442426264e-04,9];
	[-3.6318777891027043e-04,10];
	[-3.6318523766859344e-04,11];
	[-3.6317119551208837e-04,12];
	[-3.6320912503704108e-04,13];
	[-3.6323736567769665e-04,14];
	[-3.6316510832692456e-04,15];
	[-3.6323320688434296e-04,16];
	[-3.6316326246808471e-04,17];
	[-3.6318404701922788e-04,18];
	[-3.6317311587300602e-04,19];
	[-3.6321968156724602e-04,20];
	[-3.6324466687772810e-04,21];
	[-3.6322585953202060e-04,22];
	[-3.6316854667090362e-04,23];
	[-3.6322593751863825e-04,24];
	[-3.6323134128209367e-04,25];
	[-3.6317989191412555e-04,26];
	[-3.6316591885736491e-04,27];
	[-3.6319428028792639e-04,28];
	[-3.6318530012373817e-04,29];
	[-3.6324502733216696e-04,30];
	[-3.6318525895778932e-04,31];
	[-3.6315872073880179e-04,32];
	[-3.6322949263922245e-04,33];
	[-3.5414452326282481e-04,34];
	[-3.6320023303903132e-04,35];
	[-3.6157663162017658e-04,36];
	[-3.5413435229105623e-04,37];
	[-3.6317512764132387e-04,38];
	[-3.6316697282139110e-04,39];
	[-3.6319928871125713e-04,40];
	[-3.6324380166534106e-04,41];
	[-3.6325549662060373e-04,42];
	[-3.6161465577660404e-04,43];
	[-3.6323444665043147e-04,44];
	[+1.8865974790129414e-02,45];
	[-3.6321896944204672e-04,46];
	[-3.6316949883973085e-04,47];
	[-3.6321952031686877e-04,48];
	[-3.6317472847920222e-04,49];
	[-3.6318821350788240e-04,50];
	[-3.6323914482508943e-04,51];
	[-3.6317527192758508e-04,52];
];

%SVM 16 of 52
numsv16=53;
b16=+5.8244906343075725e-07;
alphas16=[
	[-3.6318243067218534e-04,0];
	[-3.6323552158178173e-04,1];
	[-3.6322926317910564e-04,2];
	[-3.6319735251327286e-04,3];
	[-3.6318780754024849e-04,4];
	[-3.6323744604847797e-04,5];
	[-3.6318217600156557e-04,6];
	[-3.6318509132327969e-04,7];
	[-3.6318850096616321e-04,8];
	[-3.6320675179197934e-04,9];
	[-3.6323698173456351e-04,10];
	[-3.6323232677815034e-04,11];
	[-3.6317229686308591e-04,12];
	[-3.6319734021614665e-04,13];
	[-3.6323113199534910e-04,14];
	[-3.6319629082517713e-04,15];
	[-3.6317983713654047e-04,16];
	[-3.6318511635446786e-04,17];
	[-3.6318370356454104e-04,18];
	[-3.6318804654243887e-04,19];
	[-3.6316968466158230e-04,20];
	[-3.6319650842533491e-04,21];
	[-3.6316598152181373e-04,22];
	[-3.6321807312231360e-04,23];
	[-3.6319554839581744e-04,24];
	[-3.6325315861287892e-04,25];
	[-3.6322269369067658e-04,26];
	[-3.6323116372569906e-04,27];
	[-3.6324900679293948e-04,28];
	[-3.6321629420651367e-04,29];
	[-3.6317503154357377e-04,30];
	[-3.6318321753362013e-04,31];
	[-3.6323865486082208e-04,32];
	[-3.6320926562738719e-04,33];
	[-3.5412975517959335e-04,34];
	[-3.6317507789254206e-04,35];
	[-3.6162384094759627e-04,36];
	[-3.5417954707242906e-04,37];
	[-3.6316064069132477e-04,38];
	[-3.6323184024977329e-04,39];
	[-3.6319532263444257e-04,40];
	[-3.6316490121943786e-04,41];
	[-3.6318980490355107e-04,42];
	[-3.6163692064781588e-04,43];
	[-3.6324085013418833e-04,44];
	[-3.6316734296605759e-04,45];
	[+1.8865953537306138e-02,46];
	[-3.6319867605978315e-04,47];
	[-3.6322615953169847e-04,48];
	[-3.6321957660612978e-04,49];
	[-3.6318650161599092e-04,50];
	[-3.6324302907362352e-04,51];
	[-3.6324160446723531e-04,52];
];

%SVM 17 of 52
numsv17=53;
b17=+5.9581630154268133e-07;
alphas17=[
	[-3.6318147077443248e-04,0];
	[-3.6318943807851469e-04,1];
	[-3.6319186663949927e-04,2];
	[-3.6319603386638630e-04,3];
	[-3.6323805908137938e-04,4];
	[-3.6321417512563177e-04,5];
	[-3.6318299159958682e-04,6];
	[-3.6323302936521238e-04,7];
	[-3.6318453835080524e-04,8];
	[-3.6322502127724397e-04,9];
	[-3.6319731425338612e-04,10];
	[-3.6319635653367415e-04,11];
	[-3.6316057348170636e-04,12];
	[-3.6322993416304901e-04,13];
	[-3.6325225431380011e-04,14];
	[-3.6318448657443993e-04,15];
	[-3.6316279468351278e-04,16];
	[-3.6317965213769740e-04,17];
	[-3.6322379966671932e-04,18];
	[-3.6318841413188896e-04,19];
	[-3.6322386995872672e-04,20];
	[-3.6317410059606253e-04,21];
	[-3.6317611811788228e-04,22];
	[-3.6323488093763809e-04,23];
	[-3.6322851638120825e-04,24];
	[-3.6324644159133155e-04,25];
	[-3.6320072838772030e-04,26];
	[-3.6323866144517722e-04,27];
	[-3.6326321329979060e-04,28];
	[-3.6323625094004187e-04,29];
	[-3.6323227591948757e-04,30];
	[-3.6317281889989672e-04,31];
	[-3.6318202379999120e-04,32];
	[-3.6316438499212956e-04,33];
	[-3.5417172457939959e-04,34];
	[-3.6318601297951372e-04,35];
	[-3.6162860519386146e-04,36];
	[-3.5418838308955738e-04,37];
	[-3.6316380738483093e-04,38];
	[-3.6318612177881142e-04,39];
	[-3.6315476296953567e-04,40];
	[-3.6323895936595841e-04,41];
	[-3.6325402478053220e-04,42];
	[-3.6157667212638228e-04,43];
	[-3.6323910119760488e-04,44];
	[-3.6316604497064824e-04,45];
	[-3.6318213566052625e-04,46];
	[+1.8865968355058230e-02,47];
	[-3.6318344310693065e-04,48];
	[-3.6319546967545767e-04,49];
	[-3.6317085840931277e-04,50];
	[-3.6325840562468085e-04,51];
	[-3.6324151649749629e-04,52];
];

%SVM 18 of 52
numsv18=53;
b18=+5.9445698975091983e-07;
alphas18=[
	[-3.6324127229511488e-04,0];
	[-3.6325128699715871e-04,1];
	[-3.6317055278476529e-04,2];
	[-3.6324017640047558e-04,3];
	[-3.6322393146019004e-04,4];
	[-3.6317038409459013e-04,5];
	[-3.6323580096935611e-04,6];
	[-3.6325024372692744e-04,7];
	[-3.6323910302744813e-04,8];
	[-3.6325302130333227e-04,9];
	[-3.6319744330669945e-04,10];
	[-3.6322634118262606e-04,11];
	[-3.6321358964446149e-04,12];
	[+1.8865974763986312e-02,13];
	[-3.6324179091622248e-04,14];
	[-3.6323604902690527e-04,15];
	[-3.6322395692545427e-04,16];
	[-3.6317863467213096e-04,17];
	[-3.6318621198368521e-04,18];
	[-3.6319640552178237e-04,19];
	[-3.6321998852204430e-04,20];
	[-3.6318289621523465e-04,21];
	[-3.6322552083283943e-04,22];
	[-3.6323703766525653e-04,23];
	[-3.6316958049395915e-04,24];
	[-3.6315999149876032e-04,25];
	[-3.6321511774532392e-04,26];
	[-3.6323408985842109e-04,27];
	[-3.6317821595257589e-04,28];
	[-3.6321635164861900e-04,29];
	[-3.6319422935493658e-04,30];
	[-3.6316201971297793e-04,31];
	[-3.6323102657153864e-04,32];
	[-3.6319111239119912e-04,33];
	[-3.5413105442009418e-04,34];
	[-3.6317809845227804e-04,35];
	[-3.6161828650764526e-04,36];
	[-3.5412249216369468e-04,37];
	[-3.6321678256882336e-04,38];
	[-3.6324751774300610e-04,39];
	[-3.6312599598141405e-04,40];
	[-3.6316916988620140e-04,41];
	[-3.6315623124884365e-04,42];
	[-3.6155437561404837e-04,43];
	[-3.6318050536860347e-04,44];
	[-3.6324312262578520e-04,45];
	[-3.6315940502869477e-04,46];
	[-3.6324806851180332e-04,47];
	[-3.6319839322473577e-04,48];
	[-3.6318911670318882e-04,49];
	[-3.6322606420347649e-04,50];
	[-3.6317214477877679e-04,51];
	[-3.6325010726243734e-04,52];
];

%SVM 19 of 52
numsv19=53;
b19=+5.8853104327889197e-07;
alphas19=[
	[-3.6323935880261984e-04,0];
	[-3.6318994206570982e-04,1];
	[-3.6324632529557369e-04,2];
	[-3.6318718448808920e-04,3];
	[-3.6323776058630821e-04,4];
	[-3.6317720569000107e-04,5];
	[-3.6318925370919052e-04,6];
	[-3.6318083049448585e-04,7];
	[-3.6317079692017986e-04,8];
	[-3.6324518015664226e-04,9];
	[-3.6325028587256257e-04,10];
	[-3.6323853531940056e-04,11];
	[-3.6317981151738252e-04,12];
	[-3.6316463271361991e-04,13];
	[-3.6318556725069040e-04,14];
	[-3.6319848039074716e-04,15];
	[-3.6316014867723476e-04,16];
	[-3.6317804344159182e-04,17];
	[-3.6323899819686690e-04,18];
	[-3.6318874403128495e-04,19];
	[-3.6322957754672102e-04,20];
	[-3.6317221691092600e-04,21];
	[-3.6316485060802837e-04,22];
	[+1.8865946147588564e-02,23];
	[-3.6322536614315958e-04,24];
	[-3.6319669844703614e-04,25];
	[-3.6322483084709538e-04,26];
	[-3.6317486280224617e-04,27];
	[-3.6320946814802628e-04,28];
	[-3.6316873705926576e-04,29];
	[-3.6323046799061249e-04,30];
	[-3.6318768766039516e-04,31];
	[-3.6322472330031270e-04,32];
	[-3.6321455926844454e-04,33];
	[-3.5416983493992676e-04,34];
	[-3.6322254370531803e-04,35];
	[-3.6154996709992951e-04,36];
	[-3.5412161997721507e-04,37];
	[-3.6325254851710321e-04,38];
	[-3.6324236334013809e-04,39];
	[-3.6320796829194754e-04,40];
	[-3.6317991844632565e-04,41];
	[-3.6325453104283441e-04,42];
	[-3.6162624189570164e-04,43];
	[-3.6319782798803940e-04,44];
	[-3.6322138244574581e-04,45];
	[-3.6324076139647974e-04,46];
	[-3.6324030319639548e-04,47];
	[-3.6318889970616490e-04,48];
	[-3.6321075182556631e-04,49];
	[-3.6317265370666468e-04,50];
	[-3.6316636749571257e-04,51];
	[-3.6321999917563277e-04,52];
];

%SVM 20 of 52
numsv20=53;
b20=+6.0764315452829483e-07;
alphas20=[
	[-3.6315503317943532e-04,0];
	[-3.6323731642981500e-04,1];
	[-3.6319110391752629e-04,2];
	[-3.6324456999912172e-04,3];
	[-3.6319524753607093e-04,4];
	[-3.6316742301152421e-04,5];
	[-3.6316985404341898e-04,6];
	[-3.6317697713605164e-04,7];
	[-3.6322871769295633e-04,8];
	[-3.6319037202637384e-04,9];
	[-3.6317025002673836e-04,10];
	[-3.6322863094710202e-04,11];
	[-3.6324709680224387e-04,12];
	[-3.6324863505913786e-04,13];
	[-3.6317894449451008e-04,14];
	[-3.6319769892538892e-04,15];
	[-3.6317270251291458e-04,16];
	[-3.6317610130152098e-04,17];
	[-3.6322834825275508e-04,18];
	[-3.6318844361805008e-04,19];
	[-3.6322231197234543e-04,20];
	[-3.6319192683609882e-04,21];
	[-3.6317576293151693e-04,22];
	[-3.6322619117220916e-04,23];
	[+1.8865948167771159e-02,24];
	[-3.6323426511944000e-04,25];
	[-3.6317430701562643e-04,26];
	[-3.6316887394037892e-04,27];
	[-3.6323623322001965e-04,28];
	[-3.6320688460579398e-04,29];
	[-3.6319599401910023e-04,30];
	[-3.6324047449687162e-04,31];
	[-3.6319106641043603e-04,32];
	[-3.6323157854401878e-04,33];
	[-3.5412769605678006e-04,34];
	[-3.6319108847071211e-04,35];
	[-3.6160875886499046e-04,36];
	[-3.5416584618864962e-04,37];
	[-3.6322414752890602e-04,38];
	[-3.6325303496842178e-04,39];
	[-3.6320221781491083e-04,40];
	[-3.6320102876377723e-04,41];
	[-3.6320116757148485e-04,42];
	[-3.6162739482167286e-04,43];
	[-3.6317587616263830e-04,44];
	[-3.6323972133774801e-04,45];
	[-3.6316561611349479e-04,46];
	[-3.6323389103791237e-04,47];
	[-3.6318688303319842e-04,48];
	[-3.6322038336257566e-04,49];
	[-3.6323424488543467e-04,50];
	[-3.6318989967719031e-04,51];
	[-3.6320229075961416e-04,52];
];

%SVM 21 of 52
numsv21=53;
b21=+5.9345549247355857e-07;
alphas21=[
	[-3.6317546034005918e-04,0];
	[-3.6320275073734948e-04,1];
	[-3.6325114931618760e-04,2];
	[-3.6322554379324996e-04,3];
	[-3.6317845753036318e-04,4];
	[-3.6323028235979817e-04,5];
	[-3.6322065328667105e-04,6];
	[-3.6324482264359006e-04,7];
	[-3.6324614373957310e-04,8];
	[-3.6324309638768100e-04,9];
	[-3.6323467996549400e-04,10];
	[-3.6317014061413856e-04,11];
	[-3.6316273424178395e-04,12];
	[-3.6319110375582285e-04,13];
	[-3.6324688217967329e-04,14];
	[-3.6317252200808231e-04,15];
	[-3.6317271565771287e-04,16];
	[-3.6316000630077849e-04,17];
	[-3.6323424121090855e-04,18];
	[-3.6317995289400078e-04,19];
	[-3.6321203518075779e-04,20];
	[-3.6319015243400818e-04,21];
	[-3.6323999951508811e-04,22];
	[-3.6323507320983549e-04,23];
	[-3.6319052955344959e-04,24];
	[+1.8865969164495983e-02,25];
	[-3.6323169118514335e-04,26];
	[-3.6317278823566645e-04,27];
	[-3.6321882438847291e-04,28];
	[-3.6322478800696105e-04,29];
	[-3.6321104791241655e-04,30];
	[-3.6319152382829765e-04,31];
	[-3.6317673147912959e-04,32];
	[-3.6318662364461836e-04,33];
	[-3.5412671442430283e-04,34];
	[-3.6315261456858905e-04,35];
	[-3.6163880161189601e-04,36];
	[-3.5411847639545471e-04,37];
	[-3.6323060850245901e-04,38];
	[-3.6323950778913660e-04,39];
	[-3.6313726528352017e-04,40];
	[-3.6315686445876499e-04,41];
	[-3.6322144987630304e-04,42];
	[-3.6157064282651665e-04,43];
	[-3.6319289118594907e-04,44];
	[-3.6324965555201779e-04,45];
	[-3.6320341483756272e-04,46];
	[-3.6322883686987944e-04,47];
	[-3.6318524057196049e-04,48];
	[-3.6324847103089857e-04,49];
	[-3.6322629570085261e-04,50];
	[-3.6317975211025937e-04,51];
	[-3.6324305787041686e-04,52];
];

%SVM 22 of 52
numsv22=53;
b22=+6.0238871760404968e-07;
alphas22=[
	[-3.6319144324539640e-04,0];
	[-3.6318840584811279e-04,1];
	[-3.6324853631203589e-04,2];
	[-3.6315697958414433e-04,3];
	[-3.6318448954100231e-04,4];
	[-3.6316736475021090e-04,5];
	[-3.6317160450736666e-04,6];
	[-3.6323569318393679e-04,7];
	[-3.6321757658922714e-04,8];
	[-3.6322194763866778e-04,9];
	[-3.6324550457712991e-04,10];
	[-3.6324666606860078e-04,11];
	[-3.6324025912048578e-04,12];
	[-3.6315157275708377e-04,13];
	[-3.6323734580498765e-04,14];
	[-3.6319639690017124e-04,15];
	[-3.6325342949599559e-04,16];
	[-3.6325801510316127e-04,17];
	[-3.6317154287178834e-04,18];
	[-3.6317270963591675e-04,19];
	[-3.6322341352413705e-04,20];
	[-3.6318370431861346e-04,21];
	[-3.6318433752741553e-04,22];
	[-3.6317476673977054e-04,23];
	[-3.6319150546991767e-04,24];
	[-3.6323992346770813e-04,25];
	[+1.8865967266173029e-02,26];
	[-3.6316680434780348e-04,27];
	[-3.6325195618094056e-04,28];
	[-3.6325375443724311e-04,29];
	[-3.6316317542688131e-04,30];
	[-3.6324450174314555e-04,31];
	[-3.6324820599838604e-04,32];
	[-3.6323707160609722e-04,33];
	[-3.5412132312798302e-04,34];
	[-3.6312477854620357e-04,35];
	[-3.6157699742894332e-04,36];
	[-3.5418956857701162e-04,37];
	[-3.6318555867192364e-04,38];
	[-3.6317289454857935e-04,39];
	[-3.6321135490048568e-04,40];
	[-3.6324086603857167e-04,41];
	[-3.6317162683946464e-04,42];
	[-3.6159245647188312e-04,43];
	[-3.6319413923034070e-04,44];
	[-3.6323933944747242e-04,45];
	[-3.6325664819551187e-04,46];
	[-3.6323857872827396e-04,47];
	[-3.6316926651458833e-04,48];
	[-3.6317631348917819e-04,49];
	[-3.6320610018968845e-04,50];
	[-3.6318359601081595e-04,51];
	[-3.6319286617503456e-04,52];
];

%SVM 23 of 52
numsv23=53;
b23=+5.9943444814163169e-07;
alphas23=[
	[-3.6318300071335987e-04,0];
	[-3.6324367474682240e-04,1];
	[-3.6316160476710686e-04,2];
	[-3.6326076420616034e-04,3];
	[-3.6323615092541812e-04,4];
	[-3.6323690600134471e-04,5];
	[-3.6321719309262396e-04,6];
	[-3.6324174103911650e-04,7];
	[-3.6324003639865446e-04,8];
	[-3.6319483438078035e-04,9];
	[-3.6317241299182817e-04,10];
	[-3.6318550872318416e-04,11];
	[-3.6318345439534388e-04,12];
	[-3.6316577731093099e-04,13];
	[-3.6316748227325742e-04,14];
	[-3.6323366288621990e-04,15];
	[-3.6317813120046355e-04,16];
	[-3.6316626888545188e-04,17];
	[-3.6323986702079637e-04,18];
	[-3.6324098552693466e-04,19];
	[-3.6318328072334214e-04,20];
	[-3.6325043756508466e-04,21];
	[-3.6322886524948258e-04,22];
	[-3.6316250430977161e-04,23];
	[-3.6324419013631694e-04,24];
	[-3.6318640077706154e-04,25];
	[-3.6318781012569391e-04,26];
	[+1.8865957969302398e-02,27];
	[-3.6318772024189206e-04,28];
	[-3.6325575527440600e-04,29];
	[-3.6317575748483601e-04,30];
	[-3.6324814337000368e-04,31];
	[-3.6322056247854945e-04,32];
	[-3.6318568192911786e-04,33];
	[-3.5413203102657411e-04,34];
	[-3.6314797504648824e-04,35];
	[-3.6155488382863933e-04,36];
	[-3.5416084849743552e-04,37];
	[-3.6322657671725085e-04,38];
	[-3.6318707571176466e-04,39];
	[-3.6312376945619746e-04,40];
	[-3.6316470169599706e-04,41];
	[-3.6323420684495245e-04,42];
	[-3.6160200472231101e-04,43];
	[-3.6323580652630928e-04,44];
	[-3.6323387144925599e-04,45];
	[-3.6323068946659946e-04,46];
	[-3.6316543667413336e-04,47];
	[-3.6323213184098426e-04,48];
	[-3.6325133403798107e-04,49];
	[-3.6318383731529180e-04,50];
	[-3.6322023146596470e-04,51];
	[-3.6320455537877780e-04,52];
];

%SVM 24 of 52
numsv24=53;
b24=+6.1199435748802988e-07;
alphas24=[
	[-3.6317734909865277e-04,0];
	[-3.6322467525565981e-04,1];
	[-3.6324634633348089e-04,2];
	[-3.6323993935229100e-04,3];
	[-3.6320009257539314e-04,4];
	[-3.6322654747145421e-04,5];
	[-3.6319320684254092e-04,6];
	[-3.6319133998773828e-04,7];
	[-3.6317026920003310e-04,8];
	[-3.6316703180318412e-04,9];
	[-3.6319728135530440e-04,10];
	[-3.6318102530799790e-04,11];
	[-3.6317230501571471e-04,12];
	[-3.6323351255536298e-04,13];
	[-3.6321421155092738e-04,14];
	[-3.6319371784664746e-04,15];
	[-3.6316486460601566e-04,16];
	[-3.6316838280562946e-04,17];
	[-3.6318588895299908e-04,18];
	[-3.6320550048467228e-04,19];
	[-3.6323094420724579e-04,20];
	[-3.6317996242893536e-04,21];
	[-3.6324023629611362e-04,22];
	[-3.6319489577023442e-04,23];
	[-3.6322215987405173e-04,24];
	[-3.6319272362469318e-04,25];
	[-3.6321975580490192e-04,26];
	[-3.6319725325019929e-04,27];
	[+1.8865968800518225e-02,28];
	[-3.6323668304423458e-04,29];
	[-3.6317621253294198e-04,30];
	[-3.6323287107363532e-04,31];
	[-3.6324668262786955e-04,32];
	[-3.6322527665934805e-04,33];
	[-3.5411764413201382e-04,34];
	[-3.6319802890195560e-04,35];
	[-3.6160974722077130e-04,36];
	[-3.5417108514670996e-04,37];
	[-3.6322174076497144e-04,38];
	[-3.6323959909198740e-04,39];
	[-3.6321233239284851e-04,40];
	[-3.6316641732001828e-04,41];
	[-3.6318529912704000e-04,42];
	[-3.6157920639120524e-04,43];
	[-3.6324481894914589e-04,44];
	[-3.6318368238653340e-04,45];
	[-3.6322597054742813e-04,46];
	[-3.6320192141563212e-04,47];
	[-3.6322886709681048e-04,48];
	[-3.6323972083674035e-04,49];
	[-3.6317604790236436e-04,50];
	[-3.6322969333536694e-04,51];
	[-3.6317583760508011e-04,52];
];

%SVM 25 of 52
numsv25=53;
b25=+5.8905785343358209e-07;
alphas25=[
	[-3.6319101164155866e-04,0];
	[-3.6322427251707828e-04,1];
	[-3.6325224183203036e-04,2];
	[-3.6319038078723811e-04,3];
	[-3.6322157036957373e-04,4];
	[-3.6317535472057326e-04,5];
	[-3.6325510017086264e-04,6];
	[-3.6318536023073855e-04,7];
	[-3.6317796635481714e-04,8];
	[-3.6316386740349534e-04,9];
	[-3.6324161926682292e-04,10];
	[-3.6317644049817867e-04,11];
	[-3.6324787820744706e-04,12];
	[-3.6319521739966524e-04,13];
	[-3.6316745702897073e-04,14];
	[-3.6318261941482453e-04,15];
	[-3.6323763053009513e-04,16];
	[-3.6325778027647751e-04,17];
	[-3.6318836853904105e-04,18];
	[-3.6321469360149687e-04,19];
	[-3.6317775737980412e-04,20];
	[-3.6323475683178408e-04,21];
	[-3.6319380287487459e-04,22];
	[-3.6318935082124394e-04,23];
	[-3.6323236022231222e-04,24];
	[-3.6319416021603023e-04,25];
	[-3.6323266960516543e-04,26];
	[-3.6325066411442667e-04,27];
	[-3.6323891644959822e-04,28];
	[+1.8865942395335979e-02,29];
	[-3.6318613127534979e-04,30];
	[-3.6324529749182896e-04,31];
	[-3.6317695021416391e-04,32];
	[-3.6323918744268134e-04,33];
	[-3.5411486611922272e-04,34];
	[-3.6319785288932004e-04,35];
	[-3.6160246624589875e-04,36];
	[-3.5416426184249611e-04,37];
	[-3.6314885003909606e-04,38];
	[-3.6317066523670346e-04,39];
	[-3.6320479597389791e-04,40];
	[-3.6325370183846724e-04,41];
	[-3.6323252992132140e-04,42];
	[-3.6160561589950721e-04,43];
	[-3.6321173769710469e-04,44];
	[-3.6317367455373964e-04,45];
	[-3.6317264921270338e-04,46];
	[-3.6319645041200705e-04,47];
	[-3.6323427891011282e-04,48];
	[-3.6318434309893924e-04,49];
	[-3.6319473334198063e-04,50];
	[-3.6315750937961018e-04,51];
	[-3.6319351914017192e-04,52];
];

%SVM 26 of 52
numsv26=53;
b26=+5.8198301240117460e-07;
alphas26=[
	[-3.6323445455262350e-04,0];
	[-3.6316305129061022e-04,1];
	[-3.6317220753651693e-04,2];
	[-3.6325265183810275e-04,3];
	[-3.6316255939916234e-04,4];
	[-3.6318426523308556e-04,5];
	[-3.6319091149039352e-04,6];
	[-3.6323239631001216e-04,7];
	[-3.6316575634381184e-04,8];
	[-3.6323292207440929e-04,9];
	[-3.6325421135755161e-04,10];
	[-3.6323427596918548e-04,11];
	[-3.6324431307373695e-04,12];
	[-3.6317819343349706e-04,13];
	[-3.6319420398754740e-04,14];
	[-3.6320497214082249e-04,15];
	[-3.6318688122149469e-04,16];
	[-3.6322837787264078e-04,17];
	[-3.6325653057154753e-04,18];
	[-3.6322367025080058e-04,19];
	[-3.6322642702239425e-04,20];
	[-3.6324469803498906e-04,21];
	[-3.6319117386327888e-04,22];
	[-3.6319091370980351e-04,23];
	[-3.6317400042226315e-04,24];
	[-3.6319013299630429e-04,25];
	[-3.6318023767730281e-04,26];
	[-3.6318944434839497e-04,27];
	[-3.6322950420116749e-04,28];
	[-3.6318682348477157e-04,29];
	[-3.6316498288538606e-04,30];
	[-3.6323883143737050e-04,31];
	[-3.6324712196160978e-04,32];
	[-3.6317187599863823e-04,33];
	[-3.5416603945506026e-04,34];
	[-3.6314103062351814e-04,35];
	[-3.6162368438127728e-04,36];
	[-3.5417320084222463e-04,37];
	[-3.6315194845167677e-04,38];
	[-3.6316427387132939e-04,39];
	[-3.6315880520242441e-04,40];
	[-3.6321413935709276e-04,41];
	[-3.6318788528884278e-04,42];
	[-3.6155222044282552e-04,43];
	[-3.6325298410691309e-04,44];
	[-3.6323762309644887e-04,45];
	[-3.6321951438591490e-04,46];
	[-3.6323169057691471e-04,47];
	[+1.8865964967210162e-02,48];
	[-3.6323768157667594e-04,49];
	[-3.6323742490036606e-04,50];
	[-3.6323072708811712e-04,51];
	[-3.6317913655889753e-04,52];
];

%SVM 27 of 52
numsv27=53;
b27=+5.7552862354554512e-07;
alphas27=[
	[-3.6323427267733117e-04,0];
	[-3.6318457005734552e-04,1];
	[-3.6318022282195035e-04,2];
	[-3.6323443882967826e-04,3];
	[-3.6318700988361428e-04,4];
	[-3.6323855043647542e-04,5];
	[-3.6319644877208876e-04,6];
	[-3.6323857764310598e-04,7];
	[-3.6325768770215067e-04,8];
	[-3.6322220141261820e-04,9];
	[-3.6324940034981629e-04,10];
	[-3.6323649248188049e-04,11];
	[-3.6321665463208755e-04,12];
	[-3.6317993129799026e-04,13];
	[-3.6319719090147442e-04,14];
	[-3.6323295624091117e-04,15];
	[-3.6322090622484081e-04,16];
	[-3.6315694645592628e-04,17];
	[-3.6316975236065277e-04,18];
	[-3.6322405282013817e-04,19];
	[-3.6323553258801622e-04,20];
	[-3.6318092132006782e-04,21];
	[-3.6319834798037332e-04,22];
	[-3.6322731507712946e-04,23];
	[-3.6320052357148504e-04,24];
	[-3.6323876551555784e-04,25];
	[-3.6316937440663270e-04,26];
	[-3.6321832773481699e-04,27];
	[-3.6319460675880428e-04,28];
	[-3.6318893183956533e-04,29];
	[-3.6323872206392845e-04,30];
	[-3.6325112754070281e-04,31];
	[-3.6316902717525450e-04,32];
	[-3.6316891697427063e-04,33];
	[-3.5412926499659261e-04,34];
	[-3.6316229463691625e-04,35];
	[-3.6155478853471147e-04,36];
	[-3.5417468708045228e-04,37];
	[-3.6319684498634900e-04,38];
	[-3.6319264885239518e-04,39];
	[-3.6315206357823138e-04,40];
	[-3.6321983244817969e-04,41];
	[-3.6322058398489222e-04,42];
	[-3.6157417150599699e-04,43];
	[-3.6317470339302228e-04,44];
	[-3.6318893425167311e-04,45];
	[-3.6322690283313868e-04,46];
	[-3.6318279633729822e-04,47];
	[-3.6325441845136408e-04,48];
	[+1.8865964625449341e-02,49];
	[-3.6322927810304630e-04,50];
	[-3.6322351612886429e-04,51];
	[-3.6319266217398538e-04,52];
];

%SVM 28 of 52
numsv28=53;
b28=+5.7988215286329916e-07;
alphas28=[
	[-3.6324120595013774e-04,0];
	[-3.6322926496493987e-04,1];
	[-3.6319753718471349e-04,2];
	[-3.6322881123422644e-04,3];
	[-3.6322863234301725e-04,4];
	[-3.6319120911068359e-04,5];
	[-3.6322854571090160e-04,6];
	[-3.6319068597226196e-04,7];
	[-3.6322322730529392e-04,8];
	[-3.6317566206916661e-04,9];
	[-3.6322741658773348e-04,10];
	[+1.8865970291610433e-02,11];
	[-3.6323370641001053e-04,12];
	[-3.6317958758434369e-04,13];
	[-3.6322782740252484e-04,14];
	[-3.6317473097021211e-04,15];
	[-3.6316828963039820e-04,16];
	[-3.6316373673025959e-04,17];
	[-3.6316313593754828e-04,18];
	[-3.6317473745342245e-04,19];
	[-3.6322825992348481e-04,20];
	[-3.6318799931336351e-04,21];
	[-3.6322860914400629e-04,22];
	[-3.6317819814221094e-04,23];
	[-3.6324180583743556e-04,24];
	[-3.6318340020130520e-04,25];
	[-3.6323428343352956e-04,26];
	[-3.6324276231410551e-04,27];
	[-3.6324420446045706e-04,28];
	[-3.6317289918821606e-04,29];
	[-3.6319778558018006e-04,30];
	[-3.6317178788991495e-04,31];
	[-3.6317652363652931e-04,32];
	[-3.6321973584033671e-04,33];
	[-3.5416693821932487e-04,34];
	[-3.6315497911584599e-04,35];
	[-3.6163325949194701e-04,36];
	[-3.5413297639474029e-04,37];
	[-3.6320409010424758e-04,38];
	[-3.6322975535831394e-04,39];
	[-3.6318681724297500e-04,40];
	[-3.6316459340787115e-04,41];
	[-3.6322260504107498e-04,42];
	[-3.6157538877682946e-04,43];
	[-3.6322527994340836e-04,44];
	[-3.6320129115984548e-04,45];
	[-3.6323650687148089e-04,46];
	[-3.6318527799571339e-04,47];
	[-3.6325707452961276e-04,48];
	[-3.6319548612819480e-04,49];
	[-3.6318921313908438e-04,50];
	[-3.6324394308058771e-04,51];
	[-3.6322872799959772e-04,52];
];

%SVM 29 of 52
numsv29=53;
b29=+5.8464203513906290e-07;
alphas29=[
	[-3.6321335425377023e-04,0];
	[-3.6319276398194468e-04,1];
	[-3.6324205510345338e-04,2];
	[-3.6324442589040718e-04,3];
	[-3.6317924122857481e-04,4];
	[-3.6317022505782444e-04,5];
	[-3.6321906950299805e-04,6];
	[-3.6322686214023173e-04,7];
	[-3.6318309248476935e-04,8];
	[-3.6323950117022686e-04,9];
	[-3.6325053259724649e-04,10];
	[-3.6323554704942052e-04,11];
	[+1.8865952002612124e-02,12];
	[-3.6323765085271805e-04,13];
	[-3.6317801911803053e-04,14];
	[-3.6319572991529863e-04,15];
	[-3.6324568287229272e-04,16];
	[-3.6323856129191106e-04,17];
	[-3.6315845859432124e-04,18];
	[-3.6322399735256124e-04,19];
	[-3.6321726356730458e-04,20];
	[-3.6316303516024397e-04,21];
	[-3.6316635702071860e-04,22];
	[-3.6324040997866855e-04,23];
	[-3.6316689133767999e-04,24];
	[-3.6317373865167357e-04,25];
	[-3.6318707538147093e-04,26];
	[-3.6317371266168655e-04,27];
	[-3.6316799147812385e-04,28];
	[-3.6317802142715413e-04,29];
	[-3.6323801774725060e-04,30];
	[-3.6317599466747521e-04,31];
	[-3.6325623010449552e-04,32];
	[-3.6323426805299141e-04,33];
	[-3.5412190740925770e-04,34];
	[-3.6322408957065291e-04,35];
	[-3.6157623406715130e-04,36];
	[-3.5410761982417082e-04,37];
	[-3.6316403856102928e-04,38];
	[-3.6324901632034683e-04,39];
	[-3.6319801926350682e-04,40];
	[-3.6321818717594467e-04,41];
	[-3.6318415175925188e-04,42];
	[-3.6162727238157769e-04,43];
	[-3.6320014268531413e-04,44];
	[-3.6319484345126245e-04,45];
	[-3.6324017236763430e-04,46];
	[-3.6324953398784901e-04,47];
	[-3.6318755566466543e-04,48];
	[-3.6323549279821646e-04,49];
	[-3.6317202650925555e-04,50];
	[-3.6317806751118368e-04,51];
	[-3.6322521157378346e-04,52];
];

%SVM 30 of 52
numsv30=53;
b30=+5.9558871753917237e-07;
alphas30=[
	[-3.6323690197432690e-04,0];
	[-3.6323032033674880e-04,1];
	[-3.6324798022185803e-04,2];
	[-3.6318493163358322e-04,3];
	[-3.6320956444853123e-04,4];
	[-3.6317752514196963e-04,5];
	[-3.6322373327581884e-04,6];
	[-3.6324077650340533e-04,7];
	[-3.6318613909693361e-04,8];
	[-3.6323783508696689e-04,9];
	[-3.6319423593661590e-04,10];
	[-3.6323673746786733e-04,11];
	[-3.6323092218654818e-04,12];
	[-3.6321614397494105e-04,13];
	[+1.8865941339954759e-02,14];
	[-3.6322785303810059e-04,15];
	[-3.6323463882144625e-04,16];
	[-3.6318845772291059e-04,17];
	[-3.6318313040954790e-04,18];
	[-3.6322234878014936e-04,19];
	[-3.6318147853599828e-04,20];
	[-3.6316807714726034e-04,21];
	[-3.6319092495984900e-04,22];
	[-3.6325712143281023e-04,23];
	[-3.6319998632887413e-04,24];
	[-3.6319012283430452e-04,25];
	[-3.6321996798018171e-04,26];
	[-3.6322605806606879e-04,27];
	[-3.6318678588120380e-04,28];
	[-3.6323214685951420e-04,29];
	[-3.6324380595298411e-04,30];
	[-3.6322961392645819e-04,31];
	[-3.6317930732357570e-04,32];
	[-3.6316240581306402e-04,33];
	[-3.5414273219733152e-04,34];
	[-3.6315598405495893e-04,35];
	[-3.6157822973078608e-04,36];
	[-3.5415924270177631e-04,37];
	[-3.6316749255058985e-04,38];
	[-3.6321968394384532e-04,39];
	[-3.6318401486734863e-04,40];
	[-3.6318413025164542e-04,41];
	[-3.6318380352996153e-04,42];
	[-3.6163321138610668e-04,43];
	[-3.6319016142970272e-04,44];
	[-3.6317925751595164e-04,45];
	[-3.6317713512618640e-04,46];
	[-3.6322567353362347e-04,47];
	[-3.6317279570521183e-04,48];
	[-3.6318441596710983e-04,49];
	[-3.6325246531384252e-04,50];
	[-3.6318757647152178e-04,51];
	[-3.6318976585930570e-04,52];
];

%SVM 31 of 52
numsv31=53;
b31=+5.9335041206688872e-07;
alphas31=[
	[-3.6316644390182762e-04,0];
	[-3.6317854150947276e-04,1];
	[-3.6319567065618539e-04,2];
	[-3.6317217931649382e-04,3];
	[-3.6318085870636990e-04,4];
	[-3.6318935182423607e-04,5];
	[-3.6324082268276552e-04,6];
	[-3.6320861864117579e-04,7];
	[-3.6322109068630493e-04,8];
	[-3.6324642057622658e-04,9];
	[-3.6318631350954503e-04,10];
	[-3.6318753489483991e-04,11];
	[-3.6325220124519916e-04,12];
	[-3.6317122143842144e-04,13];
	[-3.6322838633994083e-04,14];
	[+1.8865956479030700e-02,15];
	[-3.6324029606289574e-04,16];
	[-3.6324250614967057e-04,17];
	[-3.6324617909478643e-04,18];
	[-3.6323790521494167e-04,19];
	[-3.6317491580504184e-04,20];
	[-3.6323301932955187e-04,21];
	[-3.6322466502309360e-04,22];
	[-3.6323600447973046e-04,23];
	[-3.6324160469436515e-04,24];
	[-3.6316044215886476e-04,25];
	[-3.6322688247162509e-04,26];
	[-3.6318077390523504e-04,27];
	[-3.6319404660207404e-04,28];
	[-3.6322013207812213e-04,29];
	[-3.6318749566361725e-04,30];
	[-3.6321567966391273e-04,31];
	[-3.6324415731115166e-04,32];
	[-3.6322682087668978e-04,33];
	[-3.5412152468710382e-04,34];
	[-3.6321601972636765e-04,35];
	[-3.6155852684505044e-04,36];
	[-3.5411561763402883e-04,37];
	[-3.6318177759823544e-04,38];
	[-3.6322409964685722e-04,39];
	[-3.6314487879885409e-04,40];
	[-3.6318505753951561e-04,41];
	[-3.6319093176301754e-04,42];
	[-3.6161797150778265e-04,43];
	[-3.6316776847744012e-04,44];
	[-3.6324818273051165e-04,45];
	[-3.6318575456267084e-04,46];
	[-3.6319389086784525e-04,47];
	[-3.6319505107552870e-04,48];
	[-3.6321569025107392e-04,49];
	[-3.6323148862271628e-04,50];
	[-3.6320489305257097e-04,51];
	[-3.6320482071709373e-04,52];
];

%SVM 32 of 52
numsv32=53;
b32=+6.0190058469468529e-07;
alphas32=[
	[-3.6326232357399544e-04,0];
	[-3.6317234997796489e-04,1];
	[-3.6326125635554538e-04,2];
	[-3.6318036340374628e-04,3];
	[-3.6317119670758883e-04,4];
	[-3.6318981005433208e-04,5];
	[-3.6320182040386128e-04,6];
	[-3.6317734130473470e-04,7];
	[-3.6321746285562280e-04,8];
	[-3.6318387671970947e-04,9];
	[-3.6317487339271147e-04,10];
	[-3.6318385899175766e-04,11];
	[-3.6319343402595888e-04,12];
	[-3.6324538113577279e-04,13];
	[-3.6323005232432551e-04,14];
	[-3.6317588581695958e-04,15];
	[+1.8865970546455547e-02,16];
	[-3.6324024522443600e-04,17];
	[-3.6322105596067956e-04,18];
	[-3.6322609615190287e-04,19];
	[-3.6321126490969900e-04,20];
	[-3.6318566344787609e-04,21];
	[-3.6323486274032676e-04,22];
	[-3.6324452535269899e-04,23];
	[-3.6320539466122353e-04,24];
	[-3.6315300242990655e-04,25];
	[-3.6324251894106710e-04,26];
	[-3.6323883423814286e-04,27];
	[-3.6322881843218980e-04,28];
	[-3.6324421809433299e-04,29];
	[-3.6322973196254755e-04,30];
	[-3.6324168847617813e-04,31];
	[-3.6322523732087585e-04,32];
	[-3.6317153188576934e-04,33];
	[-3.5417422482668457e-04,34];
	[-3.6314708114293165e-04,35];
	[-3.6157699316074045e-04,36];
	[-3.5414787242605872e-04,37];
	[-3.6322707509384746e-04,38];
	[-3.6317632897617588e-04,39];
	[-3.6322442454078641e-04,40];
	[-3.6319185748480160e-04,41];
	[-3.6319510245212086e-04,42];
	[-3.6158791569228206e-04,43];
	[-3.6323549855957221e-04,44];
	[-3.6319277979930670e-04,45];
	[-3.6319854324683230e-04,46];
	[-3.6316883638929975e-04,47];
	[-3.6318708097691322e-04,48];
	[-3.6319176319332572e-04,49];
	[-3.6322932387756340e-04,50];
	[-3.6317963501072861e-04,51];
	[-3.6317033174643811e-04,52];
];

%SVM 33 of 52
numsv33=53;
b33=+5.8698068000108405e-07;
alphas33=[
	[-3.6323582652458353e-04,0];
	[-3.6315970232959888e-04,1];
	[-3.6316254511127523e-04,2];
	[-3.6316898362995220e-04,3];
	[-3.6317878945583303e-04,4];
	[-3.6322484845216697e-04,5];
	[-3.6317022954136845e-04,6];
	[-3.6319387605187583e-04,7];
	[-3.6318220196077393e-04,8];
	[-3.6321305130840239e-04,9];
	[-3.6316357520336742e-04,10];
	[-3.6316529196631840e-04,11];
	[-3.6316611421274787e-04,12];
	[-3.6317777508813930e-04,13];
	[-3.6318550327335910e-04,14];
	[-3.6317524247366867e-04,15];
	[-3.6318682235703185e-04,16];
	[+1.8865977293719159e-02,17];
	[-3.6324034298530929e-04,18];
	[-3.6325001287657016e-04,19];
	[-3.6325468955981184e-04,20];
	[-3.6320031292080189e-04,21];
	[-3.6325147355149309e-04,22];
	[-3.6322556073505215e-04,23];
	[-3.6322234556367692e-04,24];
	[-3.6324410767025409e-04,25];
	[-3.6326029301413001e-04,26];
	[-3.6317911379928590e-04,27];
	[-3.6318683126796000e-04,28];
	[-3.6319379034218015e-04,29];
	[-3.6322957851462657e-04,30];
	[-3.6322621633305495e-04,31];
	[-3.6319061424611415e-04,32];
	[-3.6325838506070721e-04,33];
	[-3.5418764662731029e-04,34];
	[-3.6315566977193820e-04,35];
	[-3.6163024218195878e-04,36];
	[-3.5418538293535842e-04,37];
	[-3.6324929387564962e-04,38];
	[-3.6323545990207850e-04,39];
	[-3.6321202543370551e-04,40];
	[-3.6320044012597483e-04,41];
	[-3.6323372188121889e-04,42];
	[-3.6154848600084574e-04,43];
	[-3.6322379321719340e-04,44];
	[-3.6322375428997659e-04,45];
	[-3.6318423439925073e-04,46];
	[-3.6323094202034972e-04,47];
	[-3.6318550979239366e-04,48];
	[-3.6317999291953916e-04,49];
	[-3.6318528085020434e-04,50];
	[-3.6322750522309300e-04,51];
	[-3.6318688420962700e-04,52];
];

%SVM 34 of 52
numsv34=53;
b34=+5.7434615924404882e-07;
alphas34=[
	[-3.6325097845637459e-04,0];
	[-3.6318434694134405e-04,1];
	[-3.6317979065531811e-04,2];
	[-3.6324795605731109e-04,3];
	[-3.6321014352381478e-04,4];
	[-3.6322615766636897e-04,5];
	[-3.6323338996332137e-04,6];
	[-3.6319348453232110e-04,7];
	[-3.6322962574723849e-04,8];
	[-3.6323302918587266e-04,9];
	[-3.6322163517669184e-04,10];
	[-3.6323073128476455e-04,11];
	[-3.6319065224377781e-04,12];
	[-3.6323705997844705e-04,13];
	[-3.6322459531990534e-04,14];
	[-3.6319955492421815e-04,15];
	[-3.6321628152100071e-04,16];
	[-3.6320842270172313e-04,17];
	[+1.8865979190443430e-02,18];
	[-3.6322083691634919e-04,19];
	[-3.6319135255209896e-04,20];
	[-3.6323785631667808e-04,21];
	[-3.6322302503863135e-04,22];
	[-3.6321975876759972e-04,23];
	[-3.6324369428687481e-04,24];
	[-3.6325280441174826e-04,25];
	[-3.6323995505404129e-04,26];
	[-3.6318073764212111e-04,27];
	[-3.6317361088822813e-04,28];
	[-3.6321579746381082e-04,29];
	[-3.6318822351024153e-04,30];
	[-3.6318105268621614e-04,31];
	[-3.6317378034589267e-04,32];
	[-3.6319861941343890e-04,33];
	[-3.5412925666575084e-04,34];
	[-3.6315164677256729e-04,35];
	[-3.6154609131172063e-04,36];
	[-3.5418984974144743e-04,37];
	[-3.6317226892015707e-04,38];
	[-3.6317243780053881e-04,39];
	[-3.6314144949901671e-04,40];
	[-3.6317834971121639e-04,41];
	[-3.6319597915353714e-04,42];
	[-3.6161529191797539e-04,43];
	[-3.6318661322466906e-04,44];
	[-3.6317144001019042e-04,45];
	[-3.6319152274500143e-04,46];
	[-3.6322266827542340e-04,47];
	[-3.6322188656929465e-04,48];
	[-3.6322406146166208e-04,49];
	[-3.6323824579896288e-04,50];
	[-3.6319696833478425e-04,51];
	[-3.6319987519647901e-04,52];
];

%SVM 35 of 52
numsv35=53;
b35=+5.8426138800524120e-07;
alphas35=[
	[-3.6318915548867162e-04,0];
	[-3.6318001886390431e-04,1];
	[-3.6322893313235947e-04,2];
	[-3.6316939882113133e-04,3];
	[-3.6318062309118575e-04,4];
	[-3.6318158091053253e-04,5];
	[-3.6316592621933938e-04,6];
	[-3.6322629775347598e-04,7];
	[-3.6317335788388637e-04,8];
	[-3.6318128290220672e-04,9];
	[-3.6323971077205673e-04,10];
	[-3.6322098069098332e-04,11];
	[-3.6324051024684903e-04,12];
	[-3.6319142806248039e-04,13];
	[-3.6322674638976572e-04,14];
	[-3.6319667474639486e-04,15];
	[-3.6322631121905066e-04,16];
	[-3.6319145002160902e-04,17];
	[-3.6320806152325986e-04,18];
	[+1.8865953171426884e-02,19];
	[-3.6322166480969796e-04,20];
	[-3.6325298651724349e-04,21];
	[-3.6320085409547977e-04,22];
	[-3.6319014915164053e-04,23];
	[-3.6316996368367745e-04,24];
	[-3.6319085293533651e-04,25];
	[-3.6319318486842877e-04,26];
	[-3.6323522982321477e-04,27];
	[-3.6323325494154679e-04,28];
	[-3.6324775639144153e-04,29];
	[-3.6322500218325776e-04,30];
	[-3.6320187399317146e-04,31];
	[-3.6325245977699452e-04,32];
	[-3.6322483954025019e-04,33];
	[-3.5416080633153199e-04,34];
	[-3.6315956452566829e-04,35];
	[-3.6158018841346182e-04,36];
	[-3.5410755570201993e-04,37];
	[-3.6317905879330496e-04,38];
	[-3.6321804699868956e-04,39];
	[-3.6320238936495361e-04,40];
	[-3.6318527922371210e-04,41];
	[-3.6323653360208956e-04,42];
	[-3.6164109862805717e-04,43];
	[-3.6317211130162144e-04,44];
	[-3.6324727788183216e-04,45];
	[-3.6319288558236084e-04,46];
	[-3.6319816278856877e-04,47];
	[-3.6321298362039853e-04,48];
	[-3.6321915621343918e-04,49];
	[-3.6318991407487280e-04,50];
	[-3.6321433293027660e-04,51];
	[-3.6319304261149570e-04,52];
];

%SVM 36 of 52
numsv36=53;
b36=+5.7994586188665331e-07;
alphas36=[
	[-3.6318772951615598e-04,0];
	[-3.6322014469981510e-04,1];
	[-3.6319376383369355e-04,2];
	[-3.6322668938720614e-04,3];
	[-3.6320082201239071e-04,4];
	[-3.6318930390483482e-04,5];
	[-3.6317431572618133e-04,6];
	[-3.6321579640902668e-04,7];
	[-3.6318620607225923e-04,8];
	[-3.6316996530815388e-04,9];
	[-3.6320378103733359e-04,10];
	[-3.6322605450559440e-04,11];
	[-3.6323804141749502e-04,12];
	[-3.6318384841368782e-04,13];
	[-3.6323055571002506e-04,14];
	[-3.6323122144462614e-04,15];
	[-3.6318487417191726e-04,16];
	[-3.6317544893574343e-04,17];
	[-3.6319451888136421e-04,18];
	[-3.6319353696917013e-04,19];
	[+1.8865950792615865e-02,20];
	[-3.6322320245846604e-04,21];
	[-3.6324675788830947e-04,22];
	[-3.6319321417660732e-04,23];
	[-3.6324592816017480e-04,24];
	[-3.6323634570495724e-04,25];
	[-3.6319866792453921e-04,26];
	[-3.6322192433291847e-04,27];
	[-3.6317636857537963e-04,28];
	[-3.6322104592094668e-04,29];
	[-3.6319406707674277e-04,30];
	[-3.6319037868504594e-04,31];
	[-3.6322005039607185e-04,32];
	[-3.6318899621263801e-04,33];
	[-3.5419061519546049e-04,34];
	[-3.6315317749719892e-04,35];
	[-3.6158202844839750e-04,36];
	[-3.5412218276351310e-04,37];
	[-3.6318347354287852e-04,38];
	[-3.6321524690802046e-04,39];
	[-3.6320686665441119e-04,40];
	[-3.6319967672437308e-04,41];
	[-3.6323825578021574e-04,42];
	[-3.6158914815042503e-04,43];
	[-3.6322542784014185e-04,44];
	[-3.6320297553160799e-04,45];
	[-3.6317013835604728e-04,46];
	[-3.6324255141152728e-04,47];
	[-3.6325444399704814e-04,48];
	[-3.6322699087383965e-04,49];
	[-3.6318453647703127e-04,50];
	[-3.6317784124547997e-04,51];
	[-3.6322170348688956e-04,52];
];

%SVM 37 of 52
numsv37=53;
b37=+5.9943321038612813e-07;
alphas37=[
	[-3.6318627161539114e-04,0];
	[-3.6325014673751869e-04,1];
	[-3.6323392626535681e-04,2];
	[-3.6318495100113056e-04,3];
	[-3.6318313057214971e-04,4];
	[-3.6318509488122893e-04,5];
	[-3.6319595165242973e-04,6];
	[-3.6324136809416690e-04,7];
	[-3.6317974837237843e-04,8];
	[-3.6322982379835279e-04,9];
	[-3.6317766953223549e-04,10];
	[-3.6321727973111754e-04,11];
	[-3.6318774958643188e-04,12];
	[-3.6322444936437637e-04,13];
	[-3.6317807555318082e-04,14];
	[-3.6318200153854651e-04,15];
	[-3.6324362689441829e-04,16];
	[-3.6325119177011881e-04,17];
	[-3.6316160426293925e-04,18];
	[-3.6318638267482210e-04,19];
	[-3.6322857784025503e-04,20];
	[+1.8865956222829841e-02,21];
	[-3.6323369058568306e-04,22];
	[-3.6325173734642787e-04,23];
	[-3.6319669416562687e-04,24];
	[-3.6323672767611155e-04,25];
	[-3.6322276165523960e-04,26];
	[-3.6320151105926669e-04,27];
	[-3.6322960395741323e-04,28];
	[-3.6320970632956615e-04,29];
	[-3.6319714135322714e-04,30];
	[-3.6316832004767183e-04,31];
	[-3.6317807746001054e-04,32];
	[-3.6322990933717106e-04,33];
	[-3.5420025639955707e-04,34];
	[-3.6313807707069671e-04,35];
	[-3.6162439497171810e-04,36];
	[-3.5411638913885604e-04,37];
	[-3.6318855152502917e-04,38];
	[-3.6317946366749235e-04,39];
	[-3.6314710005767457e-04,40];
	[-3.6322779608567013e-04,41];
	[-3.6317583608409684e-04,42];
	[-3.6158357414590254e-04,43];
	[-3.6323905810361150e-04,44];
	[-3.6320416697429360e-04,45];
	[-3.6321324792939981e-04,46];
	[-3.6319673849325687e-04,47];
	[-3.6323852873641272e-04,48];
	[-3.6322301912233103e-04,49];
	[-3.6320255791578250e-04,50];
	[-3.6319303710126763e-04,51];
	[-3.6320009338445131e-04,52];
];

%SVM 38 of 52
numsv38=53;
b38=+5.7890953466188059e-07;
alphas38=[
	[-3.6317084069842083e-04,0];
	[-3.6322363549489242e-04,1];
	[-3.6319553138401922e-04,2];
	[-3.6319156078203199e-04,3];
	[-3.6317760501136242e-04,4];
	[-3.6322217385373047e-04,5];
	[-3.6322011527358439e-04,6];
	[-3.6322453898256246e-04,7];
	[-3.6323218676125426e-04,8];
	[-3.6323853808311576e-04,9];
	[-3.6324648353444757e-04,10];
	[-3.6320099728846366e-04,11];
	[-3.6316859567523568e-04,12];
	[-3.6325681789572798e-04,13];
	[-3.6321334622112461e-04,14];
	[-3.6324141102871225e-04,15];
	[-3.6324759799882166e-04,16];
	[-3.6321355894489279e-04,17];
	[-3.6318927573495379e-04,18];
	[-3.6316837119915012e-04,19];
	[-3.6320330983787501e-04,20];
	[-3.6324125222795785e-04,21];
	[+1.8865964196381813e-02,22];
	[-3.6323711454299166e-04,23];
	[-3.6323521533818722e-04,24];
	[-3.6317831424317822e-04,25];
	[-3.6322202936893644e-04,26];
	[-3.6319940995038655e-04,27];
	[-3.6318276962105854e-04,28];
	[-3.6317900823761571e-04,29];
	[-3.6324036966465313e-04,30];
	[-3.6322032756469611e-04,31];
	[-3.6319498045511760e-04,32];
	[-3.6319320398853769e-04,33];
	[-3.5411516673605265e-04,34];
	[-3.6314957540030152e-04,35];
	[-3.6155491273822917e-04,36];
	[-3.5413540557556765e-04,37];
	[-3.6324274689178589e-04,38];
	[-3.6317062781581925e-04,39];
	[-3.6320451690173143e-04,40];
	[-3.6319708601831606e-04,41];
	[-3.6318428534895829e-04,42];
	[-3.6161701545149453e-04,43];
	[-3.6318341631028312e-04,44];
	[-3.6319856011409639e-04,45];
	[-3.6318335342939284e-04,46];
	[-3.6319638400844547e-04,47];
	[-3.6323137498917718e-04,48];
	[-3.6319038871775167e-04,49];
	[-3.6323054216172548e-04,50];
	[-3.6319306068970249e-04,51];
	[-3.6323638066062695e-04,52];
];

%SVM 39 of 52
numsv39=53;
b39=+5.9767496221602287e-07;
alphas39=[
	[-3.6325739558704752e-04,0];
	[-3.6323908992678825e-04,1];
	[+1.8865932535904323e-02,2];
	[-3.6325783443239511e-04,3];
	[-3.6319243982467980e-04,4];
	[-3.6319354390401085e-04,5];
	[-3.6322691630774292e-04,6];
	[-3.6322153653959498e-04,7];
	[-3.6317314418695838e-04,8];
	[-3.6317028034035857e-04,9];
	[-3.6319384663252536e-04,10];
	[-3.6319551751511406e-04,11];
	[-3.6319241595419288e-04,12];
	[-3.6317575238611595e-04,13];
	[-3.6322377239016179e-04,14];
	[-3.6318180842843993e-04,15];
	[-3.6324879769479177e-04,16];
	[-3.6324658096974639e-04,17];
	[-3.6321423882465059e-04,18];
	[-3.6318985394471966e-04,19];
	[-3.6324090566127804e-04,20];
	[-3.6318458229441902e-04,21];
	[-3.6317364533244552e-04,22];
	[-3.6322789790504224e-04,23];
	[-3.6320138517295224e-04,24];
	[-3.6322962679514434e-04,25];
	[-3.6322243811157958e-04,26];
	[-3.6317616503080385e-04,27];
	[-3.6323190758181753e-04,28];
	[-3.6321332568225404e-04,29];
	[-3.6323172219848276e-04,30];
	[-3.6317863959300548e-04,31];
	[-3.6321689429472608e-04,32];
	[-3.6319271393876491e-04,33];
	[-3.5414021745702946e-04,34];
	[-3.6314188479091456e-04,35];
	[-3.6156418829677854e-04,36];
	[-3.5416640998040444e-04,37];
	[-3.6318501270750104e-04,38];
	[-3.6315994088841297e-04,39];
	[-3.6314916370741855e-04,40];
	[-3.6322503929521883e-04,41];
	[-3.6323678604125543e-04,42];
	[-3.6155941672717269e-04,43];
	[-3.6320701506173527e-04,44];
	[-3.6323336206382919e-04,45];
	[-3.6318567848737417e-04,46];
	[-3.6323877786985717e-04,47];
	[-3.6318688191206761e-04,48];
	[-3.6322953523562987e-04,49];
	[-3.6322922760917490e-04,50];
	[-3.6317748099465920e-04,51];
	[-3.6320222643292728e-04,52];
];

%SVM 40 of 52
numsv40=53;
b40=+5.8663030294602361e-07;
alphas40=[
	[+1.8865965937582569e-02,0];
	[-3.6317599484232926e-04,1];
	[-3.6318366782670122e-04,2];
	[-3.6322056736954141e-04,3];
	[-3.6323446987472955e-04,4];
	[-3.6320325435305396e-04,5];
	[-3.6317180324180886e-04,6];
	[-3.6318753041821511e-04,7];
	[-3.6317838522888040e-04,8];
	[-3.6316971118949574e-04,9];
	[-3.6322261591578188e-04,10];
	[-3.6317169003429557e-04,11];
	[-3.6320353283788128e-04,12];
	[-3.6323673855137383e-04,13];
	[-3.6319986416079997e-04,14];
	[-3.6324052801146980e-04,15];
	[-3.6324658002115330e-04,16];
	[-3.6316954166340721e-04,17];
	[-3.6318346831466477e-04,18];
	[-3.6324500867595790e-04,19];
	[-3.6319938654253700e-04,20];
	[-3.6317624154683109e-04,21];
	[-3.6322400811601469e-04,22];
	[-3.6322133091092301e-04,23];
	[-3.6324618629648801e-04,24];
	[-3.6323422524632874e-04,25];
	[-3.6320090952057007e-04,26];
	[-3.6324387399155368e-04,27];
	[-3.6325209987685841e-04,28];
	[-3.6318625007060982e-04,29];
	[-3.6323264927635702e-04,30];
	[-3.6322827778581231e-04,31];
	[-3.6324547180854855e-04,32];
	[-3.6323084863339932e-04,33];
	[-3.5418286658055740e-04,34];
	[-3.6313703225740674e-04,35];
	[-3.6158232733099200e-04,36];
	[-3.5416102135610365e-04,37];
	[-3.6315706190676234e-04,38];
	[-3.6319408067724945e-04,39];
	[-3.6314100912721400e-04,40];
	[-3.6317401247388956e-04,41];
	[-3.6325141431614008e-04,42];
	[-3.6155350134486273e-04,43];
	[-3.6321910825340366e-04,44];
	[-3.6323039006626068e-04,45];
	[-3.6317386212611269e-04,46];
	[-3.6318233466992316e-04,47];
	[-3.6318354752542007e-04,48];
	[-3.6323520774018812e-04,49];
	[-3.6322434444387055e-04,50];
	[-3.6323187336284298e-04,51];
	[-3.6319759956605240e-04,52];
];

%SVM 41 of 52
numsv41=53;
b41=+5.9800897220273815e-07;
alphas41=[
	[-3.6315794049881692e-04,0];
	[+1.8865964748190325e-02,1];
	[-3.6323389780197851e-04,2];
	[-3.6318042854266506e-04,3];
	[-3.6324858117348937e-04,4];
	[-3.6323223256371710e-04,5];
	[-3.6323418572477848e-04,6];
	[-3.6320062337679701e-04,7];
	[-3.6323620280501493e-04,8];
	[-3.6317975800605244e-04,9];
	[-3.6316654789606803e-04,10];
	[-3.6324047627728988e-04,11];
	[-3.6323694044951261e-04,12];
	[-3.6323422417634674e-04,13];
	[-3.6319654587541300e-04,14];
	[-3.6324846950358324e-04,15];
	[-3.6319348795785066e-04,16];
	[-3.6317660718359815e-04,17];
	[-3.6318311164191354e-04,18];
	[-3.6318732670537711e-04,19];
	[-3.6318502125354371e-04,20];
	[-3.6322619909034558e-04,21];
	[-3.6324050442132581e-04,22];
	[-3.6319516043663785e-04,23];
	[-3.6318907006854210e-04,24];
	[-3.6323384164612017e-04,25];
	[-3.6317861347557305e-04,26];
	[-3.6323183715539594e-04,27];
	[-3.6325333860248618e-04,28];
	[-3.6324826651291773e-04,29];
	[-3.6319470970428856e-04,30];
	[-3.6317743793253774e-04,31];
	[-3.6317508720532698e-04,32];
	[-3.6317222926937490e-04,33];
	[-3.5419276461835125e-04,34];
	[-3.6321340109184196e-04,35];
	[-3.6162025237785012e-04,36];
	[-3.5411589285162055e-04,37];
	[-3.6319233538046583e-04,38];
	[-3.6318727929386690e-04,39];
	[-3.6314413971938225e-04,40];
	[-3.6322395883773239e-04,41];
	[-3.6319047504378138e-04,42];
	[-3.6156917149819553e-04,43];
	[-3.6319193341604792e-04,44];
	[-3.6317371191977384e-04,45];
	[-3.6322596934431148e-04,46];
	[-3.6323282045760768e-04,47];
	[-3.6324150482487059e-04,48];
	[-3.6318269494008864e-04,49];
	[-3.6318228651552830e-04,50];
	[-3.6323638663175186e-04,51];
	[-3.6318085552037509e-04,52];
];

%SVM 42 of 52
numsv42=53;
b42=+5.7979571065351794e-07;
alphas42=[
	[-3.6324094463022330e-04,0];
	[-3.6317497993796147e-04,1];
	[-3.6326061079972369e-04,2];
	[-3.6316436825418086e-04,3];
	[-3.6322428035786967e-04,4];
	[-3.6318863972829846e-04,5];
	[-3.6318138870827826e-04,6];
	[-3.6321261446803274e-04,7];
	[-3.6324506771801126e-04,8];
	[+1.8865961897901948e-02,9];
	[-3.6322469410313818e-04,10];
	[-3.6319895021671685e-04,11];
	[-3.6319190213688978e-04,12];
	[-3.6322647989568262e-04,13];
	[-3.6324490345493579e-04,14];
	[-3.6324253145166079e-04,15];
	[-3.6325734636195026e-04,16];
	[-3.6323328538784348e-04,17];
	[-3.6316457440840378e-04,18];
	[-3.6324712751597318e-04,19];
	[-3.6325485223638685e-04,20];
	[-3.6323395180404695e-04,21];
	[-3.6319666877203405e-04,22];
	[-3.6319884905698213e-04,23];
	[-3.6317034559297650e-04,24];
	[-3.6324515345742770e-04,25];
	[-3.6317521404953323e-04,26];
	[-3.6323496480875018e-04,27];
	[-3.6318063966308693e-04,28];
	[-3.6318412755300175e-04,29];
	[-3.6323645284080708e-04,30];
	[-3.6317922279856615e-04,31];
	[-3.6316600815672681e-04,32];
	[-3.6322640047111414e-04,33];
	[-3.5410557784895549e-04,34];
	[-3.6318970247980071e-04,35];
	[-3.6162424786912128e-04,36];
	[-3.5412209759912996e-04,37];
	[-3.6316981771048856e-04,38];
	[-3.6318849589258282e-04,39];
	[-3.6314694623590285e-04,40];
	[-3.6321499094052906e-04,41];
	[-3.6317299856925483e-04,42];
	[-3.6159015039718848e-04,43];
	[-3.6323146737476621e-04,44];
	[-3.6317847514218452e-04,45];
	[-3.6319404386520743e-04,46];
	[-3.6323694701311302e-04,47];
	[-3.6322885525945646e-04,48];
	[-3.6317250140194756e-04,49];
	[-3.6319521393845047e-04,50];
	[-3.6318849331462788e-04,51];
	[-3.6322353854137201e-04,52];
];

%SVM 43 of 52
numsv43=53;
b43=+6.0334617594067679e-07;
alphas43=[
	[-3.6317800241836382e-04,0];
	[-3.6322192372403715e-04,1];
	[-3.6317106739689083e-04,2];
	[-3.6319697029777126e-04,3];
	[-3.6317894517050721e-04,4];
	[-3.6318864140133002e-04,5];
	[-3.6319782072820892e-04,6];
	[-3.6318494848112942e-04,7];
	[-3.6323363722073058e-04,8];
	[-3.6324221741371930e-04,9];
	[-3.6323480177625697e-04,10];
	[-3.6319672306102559e-04,11];
	[-3.6323024602180409e-04,12];
	[-3.6322906238255747e-04,13];
	[-3.6322652993694737e-04,14];
	[-3.6318874013383813e-04,15];
	[-3.6324479318553741e-04,16];
	[-3.6320936398799390e-04,17];
	[-3.6319185918068424e-04,18];
	[-3.6323022787153791e-04,19];
	[-3.6323366611990573e-04,20];
	[-3.6322228851082077e-04,21];
	[-3.6317269371736728e-04,22];
	[-3.6321113562936050e-04,23];
	[-3.6317147914040077e-04,24];
	[-3.6322946208181434e-04,25];
	[-3.6320920762475373e-04,26];
	[-3.6319573075815187e-04,27];
	[-3.6317255701988799e-04,28];
	[-3.6316921379509279e-04,29];
	[-3.6318342028159625e-04,30];
	[-3.6324138315790551e-04,31];
	[-3.6317638919748738e-04,32];
	[-3.6318014872463894e-04,33];
	[-3.5419138099216806e-04,34];
	[-3.6314969182378381e-04,35];
	[-3.6158077098940905e-04,36];
	[-3.5416706590823998e-04,37];
	[-3.6323386484198885e-04,38];
	[-3.6318492473526157e-04,39];
	[-3.6315022812604455e-04,40];
	[-3.6324906135293836e-04,41];
	[-3.6321882126226946e-04,42];
	[-3.6156035980172392e-04,43];
	[-3.6318350252820383e-04,44];
	[-3.6318270677816906e-04,45];
	[-3.6323559525039059e-04,46];
	[-3.6320455868989529e-04,47];
	[-3.6319682649993038e-04,48];
	[-3.6326432505221618e-04,49];
	[-3.6322796929116695e-04,50];
	[-3.6323191282465483e-04,51];
	[+1.8865962210474450e-02,52];
];

%SVM 44 of 52
numsv44=53;
b44=+5.9973690985854530e-07;
alphas44=[
	[-3.6325551753266233e-04,0];
	[-3.6324235750417216e-04,1];
	[-3.6321698732554768e-04,2];
	[-3.6325998273364869e-04,3];
	[-3.6324402000620457e-04,4];
	[-3.6324238816075338e-04,5];
	[-3.6320323424473042e-04,6];
	[-3.6316733924043735e-04,7];
	[-3.6318985167587851e-04,8];
	[-3.6317689144203525e-04,9];
	[-3.6317613798313132e-04,10];
	[-3.6316677454054043e-04,11];
	[-3.6318717775094607e-04,12];
	[-3.6325236366981789e-04,13];
	[-3.6325589322060836e-04,14];
	[-3.6324137972916655e-04,15];
	[-3.6321527002946099e-04,16];
	[-3.6315649594604276e-04,17];
	[-3.6318217543850387e-04,18];
	[-3.6322171748685096e-04,19];
	[-3.6323080534106437e-04,20];
	[-3.6324558107151176e-04,21];
	[-3.6322772738771504e-04,22];
	[-3.6323581586674195e-04,23];
	[-3.6318116115250775e-04,24];
	[-3.6322325809572342e-04,25];
	[-3.6320971713394351e-04,26];
	[-3.6317376864554923e-04,27];
	[-3.6319890950961282e-04,28];
	[-3.6319791154340093e-04,29];
	[-3.6317242768759474e-04,30];
	[-3.6317332849447365e-04,31];
	[-3.6323215445362481e-04,32];
	[-3.6318581075087477e-04,33];
	[-3.5419392162136217e-04,34];
	[-3.6314742571853738e-04,35];
	[-3.6154834774037691e-04,36];
	[-3.5412162633280663e-04,37];
	[-3.6322364994021740e-04,38];
	[-3.6319515803637654e-04,39];
	[-3.6315872448687342e-04,40];
	[-3.6316704804613783e-04,41];
	[-3.6318443460392453e-04,42];
	[-3.6156625901977315e-04,43];
	[-3.6323145564928793e-04,44];
	[-3.6320038743222562e-04,45];
	[-3.6322663624276807e-04,46];
	[-3.6317456649139266e-04,47];
	[-3.6323922440712928e-04,48];
	[-3.6324053547538829e-04,49];
	[-3.6319074591437838e-04,50];
	[+1.8865941369987600e-02,51];
	[-3.6318915312331072e-04,52];
];

%SVM 45 of 52
numsv45=53;
b45=+5.8726084435124521e-07;
alphas45=[
	[-3.6315220485341011e-04,0];
	[-3.6323187975891648e-04,1];
	[-3.6318226243430062e-04,2];
	[-3.6317016017127089e-04,3];
	[-3.6318405651158774e-04,4];
	[-3.6319670688809161e-04,5];
	[-3.6318556546006693e-04,6];
	[-3.6315954639842699e-04,7];
	[-3.6323015483275082e-04,8];
	[-3.6321852541229657e-04,9];
	[-3.6318795963869349e-04,10];
	[-3.6323418833243812e-04,11];
	[-3.6321882235347346e-04,12];
	[-3.6324483091614121e-04,13];
	[-3.6317579899553285e-04,14];
	[-3.6318330115136274e-04,15];
	[-3.6324945487867488e-04,16];
	[-3.6322199517421528e-04,17];
	[-3.6324316322404357e-04,18];
	[-3.6318463157417388e-04,19];
	[-3.6317564107133109e-04,20];
	[-3.6318102143892704e-04,21];
	[-3.6316421009458438e-04,22];
	[-3.6317344977268053e-04,23];
	[-3.6317936148954732e-04,24];
	[-3.6316485884556424e-04,25];
	[-3.6325556942363009e-04,26];
	[-3.6320365960984828e-04,27];
	[-3.6323326965194701e-04,28];
	[-3.6318948281928871e-04,29];
	[-3.6324793624120330e-04,30];
	[-3.6322412728548688e-04,31];
	[-3.6316061605858420e-04,32];
	[-3.6319995472729758e-04,33];
	[-3.5418700727331005e-04,34];
	[-3.6322039644092808e-04,35];
	[-3.6155128700159176e-04,36];
	[-3.5413486767899108e-04,37];
	[-3.6318831641153095e-04,38];
	[-3.6325310251589878e-04,39];
	[-3.6319046696254301e-04,40];
	[-3.6316819901075132e-04,41];
	[-3.6325090024860192e-04,42];
	[-3.6162157007810773e-04,43];
	[-3.6323330184131721e-04,44];
	[-3.6325563384368760e-04,45];
	[-3.6322621590257465e-04,46];
	[-3.6319222866546149e-04,47];
	[-3.6319072157429743e-04,48];
	[-3.6322671583856520e-04,49];
	[+1.8865958233184280e-02,50];
	[-3.6322211983981674e-04,51];
	[-3.6324955372216421e-04,52];
];

%SVM 46 of 52
numsv46=53;
b46=+5.8011918238620730e-07;
alphas46=[
	[-3.6317281739254117e-04,0];
	[-3.6319833333069900e-04,1];
	[-3.6318218753922496e-04,2];
	[-3.6325829196349189e-04,3];
	[+1.8865970801795983e-02,4];
	[-3.6317696503850581e-04,5];
	[-3.6318780491619669e-04,6];
	[-3.6323997347099496e-04,7];
	[-3.6324417656099611e-04,8];
	[-3.6319696201210380e-04,9];
	[-3.6322896165585683e-04,10];
	[-3.6324004675499194e-04,11];
	[-3.6322167709408999e-04,12];
	[-3.6317335424127374e-04,13];
	[-3.6318194593118003e-04,14];
	[-3.6319826809454099e-04,15];
	[-3.6319595835194177e-04,16];
	[-3.6324156711920819e-04,17];
	[-3.6316599811044936e-04,18];
	[-3.6323876111014420e-04,19];
	[-3.6322320278864653e-04,20];
	[-3.6319871394424239e-04,21];
	[-3.6318928805093129e-04,22];
	[-3.6316786786106851e-04,23];
	[-3.6325318733643750e-04,24];
	[-3.6323171683233025e-04,25];
	[-3.6317887224701628e-04,26];
	[-3.6324519197723071e-04,27];
	[-3.6324106209987747e-04,28];
	[-3.6321655043270866e-04,29];
	[-3.6322742757545891e-04,30];
	[-3.6316166917544111e-04,31];
	[-3.6323532439012376e-04,32];
	[-3.6325240749783430e-04,33];
	[-3.5412085068797295e-04,34];
	[-3.6321216596166039e-04,35];
	[-3.6158369605087564e-04,36];
	[-3.5418911893233732e-04,37];
	[-3.6318406982894244e-04,38];
	[-3.6322466683626344e-04,39];
	[-3.6315321503402494e-04,40];
	[-3.6317286607012126e-04,41];
	[-3.6324075527212747e-04,42];
	[-3.6160920979359622e-04,43];
	[-3.6319906078219257e-04,44];
	[-3.6317491448348418e-04,45];
	[-3.6318394768481126e-04,46];
	[-3.6316709283025218e-04,47];
	[-3.6318626424117228e-04,48];
	[-3.6322726587428042e-04,49];
	[-3.6317883360190492e-04,50];
	[-3.6319082489697863e-04,51];
	[-3.6322533085282171e-04,52];
];

%SVM 47 of 52
numsv47=53;
b47=+5.7658269549609124e-07;
alphas47=[
	[-3.6316582520736689e-04,0];
	[-3.6317121998961753e-04,1];
	[-3.6316259087103102e-04,2];
	[-3.6324875112427952e-04,3];
	[-3.6320378790322718e-04,4];
	[+1.8865960454520971e-02,5];
	[-3.6322001584378048e-04,6];
	[-3.6323539411121551e-04,7];
	[-3.6324286766370727e-04,8];
	[-3.6321909551123078e-04,9];
	[-3.6316769406454538e-04,10];
	[-3.6318480380065495e-04,11];
	[-3.6322586623225022e-04,12];
	[-3.6321519640849235e-04,13];
	[-3.6317766869367883e-04,14];
	[-3.6322007893793142e-04,15];
	[-3.6317119091084916e-04,16];
	[-3.6321840908576006e-04,17];
	[-3.6324417841747018e-04,18];
	[-3.6320443936033604e-04,19];
	[-3.6318205700991733e-04,20];
	[-3.6323212401806931e-04,21];
	[-3.6317701314869319e-04,22];
	[-3.6318335987114709e-04,23];
	[-3.6324452702611918e-04,24];
	[-3.6319059471163974e-04,25];
	[-3.6319558998710542e-04,26];
	[-3.6320023049882640e-04,27];
	[-3.6320834842357933e-04,28];
	[-3.6322395604939929e-04,29];
	[-3.6320726289880499e-04,30];
	[-3.6322941748460425e-04,31];
	[-3.6316938255218529e-04,32];
	[-3.6319751468048698e-04,33];
	[-3.5413476288007409e-04,34];
	[-3.6319833890697872e-04,35];
	[-3.6156106447414102e-04,36];
	[-3.5416289435137355e-04,37];
	[-3.6323805171375258e-04,38];
	[-3.6325223581145353e-04,39];
	[-3.6319088415590528e-04,40];
	[-3.6322167798426611e-04,41];
	[-3.6325716852920889e-04,42];
	[-3.6161523100489129e-04,43];
	[-3.6318697251054376e-04,44];
	[-3.6319006734411027e-04,45];
	[-3.6323187337823523e-04,46];
	[-3.6322927533293507e-04,47];
	[-3.6318440628263060e-04,48];
	[-3.6317580192685248e-04,49];
	[-3.6319092976582384e-04,50];
	[-3.6318947811966325e-04,51];
	[-3.6323230485462956e-04,52];
];

%SVM 48 of 52
numsv48=53;
b48=+5.9172176244119039e-07;
alphas48=[
	[-3.6316511524760447e-04,0];
	[-3.6321808272664889e-04,1];
	[-3.6323487953033673e-04,2];
	[-3.6322866773611667e-04,3];
	[-3.6317393315151206e-04,4];
	[-3.6323908677070630e-04,5];
	[-3.6326538668072247e-04,6];
	[-3.6324607974676389e-04,7];
	[+1.8865947144609371e-02,8];
	[-3.6322325702566283e-04,9];
	[-3.6318583119813574e-04,10];
	[-3.6323646589809036e-04,11];
	[-3.6318237246602073e-04,12];
	[-3.6318266046219408e-04,13];
	[-3.6318428765489845e-04,14];
	[-3.6323278183771936e-04,15];
	[-3.6317045862190348e-04,16];
	[-3.6323666825442344e-04,17];
	[-3.6322455389167465e-04,18];
	[-3.6318019529167666e-04,19];
	[-3.6317062962429601e-04,20];
	[-3.6319278032686956e-04,21];
	[-3.6322605222423245e-04,22];
	[-3.6317906828490793e-04,23];
	[-3.6317520615750505e-04,24];
	[-3.6324107736362629e-04,25];
	[-3.6316125180741875e-04,26];
	[-3.6318378496245180e-04,27];
	[-3.6316946981732571e-04,28];
	[-3.6318285096558102e-04,29];
	[-3.6322971531578535e-04,30];
	[-3.6325003848062989e-04,31];
	[-3.6325630004917757e-04,32];
	[-3.6322815620081877e-04,33];
	[-3.5411274645546088e-04,34];
	[-3.6316449607709197e-04,35];
	[-3.6159212824732898e-04,36];
	[-3.5415718971539581e-04,37];
	[-3.6319684747443501e-04,38];
	[-3.6320809061601389e-04,39];
	[-3.6317659668249990e-04,40];
	[-3.6316832391734773e-04,41];
	[-3.6317299460414219e-04,42];
	[-3.6163018850286652e-04,43];
	[-3.6320247833479367e-04,44];
	[-3.6323533168884241e-04,45];
	[-3.6322513274750483e-04,46];
	[-3.6324562324662173e-04,47];
	[-3.6322914081696536e-04,48];
	[-3.6318788416041551e-04,49];
	[-3.6321276629658458e-04,50];
	[-3.6317719745639581e-04,51];
	[-3.6320312003278957e-04,52];
];

%SVM 49 of 52
numsv49=53;
b49=+5.9384825541497792e-07;
alphas49=[
	[-3.6325515241434052e-04,0];
	[-3.6323427903798270e-04,1];
	[-3.6323653716255604e-04,2];
	[+1.8865952437910252e-02,3];
	[-3.6324448041768386e-04,4];
	[-3.6323555846376747e-04,5];
	[-3.6322885336225602e-04,6];
	[-3.6323103383720798e-04,7];
	[-3.6319246143205817e-04,8];
	[-3.6323728610292621e-04,9];
	[-3.6324940115320278e-04,10];
	[-3.6324919060576880e-04,11];
	[-3.6316831451767561e-04,12];
	[-3.6322218617945815e-04,13];
	[-3.6318379095728951e-04,14];
	[-3.6317111116051549e-04,15];
	[-3.6319046655436876e-04,16];
	[-3.6324785924026469e-04,17];
	[-3.6318857895582417e-04,18];
	[-3.6322593869706616e-04,19];
	[-3.6317857663465395e-04,20];
	[-3.6323581319579808e-04,21];
	[-3.6323102355843877e-04,22];
	[-3.6318804659728280e-04,23];
	[-3.6322616472840168e-04,24];
	[-3.6323845065873320e-04,25];
	[-3.6317831577280062e-04,26];
	[-3.6318792689535252e-04,27];
	[-3.6315596158972000e-04,28];
	[-3.6320711174381732e-04,29];
	[-3.6323247816574708e-04,30];
	[-3.6319502529088876e-04,31];
	[-3.6324110418186906e-04,32];
	[-3.6325877148862481e-04,33];
	[-3.5410804357983191e-04,34];
	[-3.6312935566435150e-04,35];
	[-3.6158765248716252e-04,36];
	[-3.5415037731220857e-04,37];
	[-3.6317713937181824e-04,38];
	[-3.6319467289561787e-04,39];
	[-3.6318618279620140e-04,40];
	[-3.6315542980188065e-04,41];
	[-3.6317904721681725e-04,42];
	[-3.6155964559424783e-04,43];
	[-3.6318604235797362e-04,44];
	[-3.6317534426134136e-04,45];
	[-3.6317816208405248e-04,46];
	[-3.6317196854216067e-04,47];
	[-3.6320811748355799e-04,48];
	[-3.6324371022403542e-04,49];
	[-3.6319326459596649e-04,50];
	[-3.6319927026261706e-04,51];
	[-3.6322791236864758e-04,52];
];

%SVM 50 of 52
numsv50=53;
b50=+5.8499091580284206e-07;
alphas50=[
	[-3.6323628482321684e-04,0];
	[-3.6318639143491924e-04,1];
	[-3.6325183671351177e-04,2];
	[-3.6322254464486720e-04,3];
	[-3.6324169182521039e-04,4];
	[-3.6319443309615226e-04,5];
	[+1.8865948218451587e-02,6];
	[-3.6324736709866530e-04,7];
	[-3.6323821369886199e-04,8];
	[-3.6323591630236634e-04,9];
	[-3.6324488058421024e-04,10];
	[-3.6322919312421705e-04,11];
	[-3.6320218345512416e-04,12];
	[-3.6323199402505562e-04,13];
	[-3.6324739513559522e-04,14];
	[-3.6322524784591497e-04,15];
	[-3.6315926091695107e-04,16];
	[-3.6321199997273087e-04,17];
	[-3.6325650321769435e-04,18];
	[-3.6317296879541811e-04,19];
	[-3.6317244138269644e-04,20];
	[-3.6317385552707881e-04,21];
	[-3.6325291092928166e-04,22];
	[-3.6317270977530210e-04,23];
	[-3.6320181029097918e-04,24];
	[-3.6317792179641330e-04,25];
	[-3.6318702458455808e-04,26];
	[-3.6324010696096637e-04,27];
	[-3.6321974713238452e-04,28];
	[-3.6316302236972240e-04,29];
	[-3.6319714378271750e-04,30];
	[-3.6317341699088930e-04,31];
	[-3.6318253373059670e-04,32];
	[-3.6321375250617004e-04,33];
	[-3.5411388654347543e-04,34];
	[-3.6314140354919768e-04,35];
	[-3.6162142082419224e-04,36];
	[-3.5409989652071717e-04,37];
	[-3.6325210421117967e-04,38];
	[-3.6317206369220606e-04,39];
	[-3.6315503078452135e-04,40];
	[-3.6322385348813404e-04,41];
	[-3.6317381397059253e-04,42];
	[-3.6157597089424780e-04,43];
	[-3.6319809856119454e-04,44];
	[-3.6323866918281782e-04,45];
	[-3.6316309330745438e-04,46];
	[-3.6323559941303315e-04,47];
	[-3.6323788172273587e-04,48];
	[-3.6317457388993797e-04,49];
	[-3.6325043310683660e-04,50];
	[-3.6316671077215646e-04,51];
	[-3.6320401863071687e-04,52];
];

%SVM 51 of 52
numsv51=53;
b51=+5.8908343442115986e-07;
alphas51=[
	[-3.6322408680175994e-04,0];
	[-3.6324899249363631e-04,1];
	[-3.6319369471939507e-04,2];
	[-3.6317448203394706e-04,3];
	[-3.6319221066253058e-04,4];
	[-3.6322915680179953e-04,5];
	[-3.6323869313299013e-04,6];
	[-3.6316355928097375e-04,7];
	[-3.6318962611194688e-04,8];
	[-3.6317689715910172e-04,9];
	[+1.8865939579374678e-02,10];
	[-3.6318343632792225e-04,11];
	[-3.6317135725075586e-04,12];
	[-3.6319256151870873e-04,13];
	[-3.6318318535936094e-04,14];
	[-3.6318779062046309e-04,15];
	[-3.6319275507572094e-04,16];
	[-3.6323129247256504e-04,17];
	[-3.6324304714284883e-04,18];
	[-3.6324854773450412e-04,19];
	[-3.6318110003703266e-04,20];
	[-3.6324141821829527e-04,21];
	[-3.6323459321975081e-04,22];
	[-3.6318219076458141e-04,23];
	[-3.6325072298415575e-04,24];
	[-3.6317784615388270e-04,25];
	[-3.6317933868899914e-04,26];
	[-3.6320048806325804e-04,27];
	[-3.6319516595766777e-04,28];
	[-3.6318393527206509e-04,29];
	[-3.6318016410384000e-04,30];
	[-3.6320129717107568e-04,31];
	[-3.6322730060906724e-04,32];
	[-3.6319601526457827e-04,33];
	[-3.5411858719105896e-04,34];
	[-3.6318658079337291e-04,35];
	[-3.6157368090230613e-04,36];
	[-3.5410547926578804e-04,37];
	[-3.6317211193419399e-04,38];
	[-3.6324283353373769e-04,39];
	[-3.6315286685752201e-04,40];
	[-3.6322183486916967e-04,41];
	[-3.6319925365552592e-04,42];
	[-3.6163558554275384e-04,43];
	[-3.6320202056324628e-04,44];
	[-3.6322054888485975e-04,45];
	[-3.6323322428431581e-04,46];
	[-3.6318952312126038e-04,47];
	[-3.6321438527964076e-04,48];
	[-3.6325181656315030e-04,49];
	[-3.6324495994510304e-04,50];
	[-3.6324400511225283e-04,51];
	[-3.6324424843181324e-04,52];
];

%SVM 52 of 52
numsv52=53;
b52=+5.8161249713535373e-07;
alphas52=[
	[-3.6323931365481367e-04,0];
	[-3.6317359457872957e-04,1];
	[-3.6320620705678175e-04,2];
	[-3.6321060900042706e-04,3];
	[-3.6322370605993142e-04,4];
	[-3.6325673218168952e-04,5];
	[-3.6322846628105093e-04,6];
	[+1.8865971449222418e-02,7];
	[-3.6324639530548194e-04,8];
	[-3.6316663203363875e-04,9];
	[-3.6318767024778848e-04,10];
	[-3.6318717053806582e-04,11];
	[-3.6322360054160015e-04,12];
	[-3.6318778437969396e-04,13];
	[-3.6317935159319801e-04,14];
	[-3.6318304267275069e-04,15];
	[-3.6323957210423596e-04,16];
	[-3.6318973100377128e-04,17];
	[-3.6318976203227298e-04,18];
	[-3.6321116787526106e-04,19];
	[-3.6324709800742214e-04,20];
	[-3.6319269936465194e-04,21];
	[-3.6318180951469011e-04,22];
	[-3.6322147354594377e-04,23];
	[-3.6318889970188772e-04,24];
	[-3.6324025772592700e-04,25];
	[-3.6319532148729324e-04,26];
	[-3.6324348049525087e-04,27];
	[-3.6319190971033442e-04,28];
	[-3.6319660202286188e-04,29];
	[-3.6318592439242201e-04,30];
	[-3.6319155774697129e-04,31];
	[-3.6322464323979882e-04,32];
	[-3.6319793932478532e-04,33];
	[-3.5410025351734908e-04,34];
	[-3.6313902246231408e-04,35];
	[-3.6161267450260625e-04,36];
	[-3.5417871046120009e-04,37];
	[-3.6324644778495198e-04,38];
	[-3.6319356334210554e-04,39];
	[-3.6318258837007459e-04,40];
	[-3.6321581603836124e-04,41];
	[-3.6319282427080805e-04,42];
	[-3.6157334242512034e-04,43];
	[-3.6320482354508613e-04,44];
	[-3.6324171200134144e-04,45];
	[-3.6323935775969368e-04,46];
	[-3.6317462913734451e-04,47];
	[-3.6318259427507260e-04,48];
	[-3.6322598971326014e-04,49];
	[-3.6319331664600769e-04,50];
	[-3.6323562591586645e-04,51];
	[-3.6322641913529713e-04,52];
];
