-1847.31 -1958.18 -1761.79 -1791.91 -1881.54
-1876.42 -1991.09 -1787.08 -1808.75 -1863.79
-1875.06 -1963.75 -1771.72 -1789.74 -1842.18
-1859.10 -1982.86 -1784.37 -1813.81 -1892.92
-1845.65 -2034.62 -1830.02 -1839.03 -1836.65
-1797.09 -1990.11 -1896.38 -1911.82 -1789.29
-1793.26 -1984.67 -1905.59 -1921.12 -1783.14
-1830.09 -2027.88 -1823.91 -1835.62 -1824.40
-1728.82 -1900.45 -1834.83 -1913.06 -1725.16
-1883.80 -1995.68 -1788.26 -1809.51 -1865.72
-1829.84 -2036.03 -1816.72 -1833.39 -1826.82
-1781.46 -1971.47 -1874.73 -1882.86 -1776.89
-1762.53 -1972.82 -1748.57 -1767.40 -1768.05
-1862.53 -1980.79 -1783.46 -1811.30 -1892.84
-1484.69 -1642.81 -1564.71 -1582.94 -1478.39
-1764.33 -1951.36 -1914.64 -1889.92 -1753.21
-1813.94 -1826.05 -1692.42 -1710.96 -1727.98
-1813.94 -1826.05 -1692.42 -1710.96 -1727.98
-1761.23 -1849.56 -1678.33 -1709.72 -1832.43
-1822.50 -1984.58 -1778.09 -1799.26 -1838.38
-1860.31 -1980.54 -1780.50 -1810.06 -1894.64
-1784.86 -1882.54 -1721.94 -1739.72 -1881.19
-1879.85 -1990.54 -1785.12 -1805.34 -1861.87
-1822.99 -1966.25 -1778.32 -1795.14 -1862.64
-1843.54 -1958.76 -1764.65 -1792.10 -1898.13
-1714.28 -1878.90 -1815.67 -1908.42 -1713.80
-1714.28 -1878.90 -1815.67 -1908.42 -1713.80
-1696.95 -1852.30 -1783.61 -1896.03 -1700.57
-1775.34 -1794.95 -1655.16 -1671.33 -1684.25
-1775.34 -1794.95 -1655.16 -1671.33 -1684.25
-1773.32 -1794.85 -1655.08 -1671.23 -1684.21
-1697.49 -1860.12 -1802.16 -1873.61 -1688.96
-1693.07 -1850.90 -1802.28 -1840.63 -1688.82
-1724.40 -1898.08 -1835.23 -1883.10 -1719.21
-1695.58 -1861.82 -1886.21 -1818.51 -1684.55
-1695.58 -1861.82 -1886.21 -1818.51 -1684.55
-1670.99 -1826.04 -1865.52 -1790.73 -1659.46
-1688.26 -1850.19 -1881.34 -1809.84 -1677.13
-1692.43 -1855.71 -1875.48 -1808.54 -1681.36
-1687.55 -1855.85 -1861.68 -1820.07 -1679.75
-1701.16 -1867.62 -1889.62 -1823.38 -1689.46
-1686.25 -1852.71 -1861.09 -1818.41 -1678.09
-1721.89 -1809.85 -1665.13 -1684.83 -1819.57
-1706.01 -1867.30 -1790.09 -1898.17 -1701.71
-1690.23 -1846.24 -1775.38 -1888.49 -1692.38
