%MultiClassSVM
multiclass_type=0;
num_classes=10;
num_svms=10;
kernel='PolyKernel';

%SVM 0 of 9
numsv0=60;
b0=+8.5413992233658413e-05;
alphas0=[
	[-1.8231693156590502e-03,0];
	[-1.8892514493658846e-03,1];
	[-1.8426436399511126e-03,2];
	[-1.8658385213590272e-03,3];
	[-1.8545606301303235e-03,4];
	[-1.8687819113952422e-03,5];
	[-1.9325178328435065e-03,6];
	[-1.8504657588646887e-03,7];
	[-1.8708035321583106e-03,8];
	[-1.8538780650461000e-03,9];
	[-1.8276747709076017e-03,10];
	[-1.8531675474483822e-03,11];
	[-1.8069348156488456e-03,12];
	[-1.8431890206959281e-03,13];
	[-1.9357410743024491e-03,14];
	[-1.9463049801143743e-03,15];
	[-1.8200817003627340e-03,16];
	[-1.8195019977472959e-03,17];
	[-1.8215815657760630e-03,18];
	[-1.7709506118899270e-03,19];
	[-1.7875885515609812e-03,20];
	[-1.8237065952658583e-03,21];
	[-1.8955984610994211e-03,22];
	[-2.0798616576124642e-03,23];
	[-1.8417881547021162e-03,24];
	[-2.1021237372565479e-03,25];
	[-1.7874375380796824e-03,26];
	[-1.7873219118894636e-03,27];
	[-1.8839409124349119e-03,28];
	[-1.7772451033244807e-03,29];
	[-1.7851684332772968e-03,30];
	[-1.9917877530811682e-03,31];
	[-1.8836798156607857e-03,32];
	[-1.8188513547876687e-03,33];
	[-1.8573389602936240e-03,34];
	[-1.8370593560473694e-03,35];
	[-1.8117878703515769e-03,36];
	[-1.7628631952071800e-03,37];
	[-1.9528211341231256e-03,38];
	[-2.1556421906294616e-03,39];
	[-1.6887477376428114e-03,40];
	[-1.8250000903743645e-03,41];
	[-2.2002800259056828e-03,42];
	[-2.0893931137633266e-03,43];
	[-1.4714884958596476e-03,44];
	[-1.6803665366333057e-03,45];
	[-2.2533929562159032e-03,46];
	[-1.5177503227221006e-03,47];
	[-1.8011423038427252e-03,48];
	[-2.1429512942185373e-03,49];
	[-1.7803345515592451e-03,50];
	[-1.8701022656286562e-03,51];
	[-1.7995512070376714e-03,52];
	[-1.7814254248187057e-03,53];
	[+1.7590811513524898e-02,54];
	[+1.8058049362299874e-02,55];
	[+1.4693692103780657e-02,56];
	[+1.6017922163939127e-02,57];
	[+9.9164530829142401e-03,58];
	[+2.4431063520349607e-02,59];
];

%SVM 1 of 9
numsv1=60;
b1=-2.0924546285092105e-05;
alphas1=[
	[+1.6292219358903702e-02,0];
	[+1.6890327874790802e-02,1];
	[+1.6471519224329947e-02,2];
	[-1.8490099525591088e-03,3];
	[-1.8376414999402868e-03,4];
	[-1.8529533704253576e-03,5];
	[+1.7273931504315190e-02,6];
	[-1.8343589444228751e-03,7];
	[-1.8542039728062531e-03,8];
	[-1.8378937324126895e-03,9];
	[+1.6333827516820557e-02,10];
	[+1.6564656577100361e-02,11];
	[-1.7911753259224556e-03,12];
	[-1.8268050641970250e-03,13];
	[-1.9193464472161020e-03,14];
	[-1.9296624037554130e-03,15];
	[-1.8037112920409935e-03,16];
	[-1.8032565923493591e-03,17];
	[-1.8058992745862866e-03,18];
	[-1.7551662746599609e-03,19];
	[-1.7700274938184863e-03,20];
	[-1.8078504853858246e-03,21];
	[-1.8788686114324746e-03,22];
	[-2.0633464002844607e-03,23];
	[-1.8250152097077888e-03,24];
	[-2.0847678245796983e-03,25];
	[-1.7719268006422258e-03,26];
	[-1.7709290455083175e-03,27];
	[-1.8681475267245337e-03,28];
	[-1.7610623034321454e-03,29];
	[-1.7695911572757279e-03,30];
	[-1.9745231161829107e-03,31];
	[-1.8664409580716899e-03,32];
	[-1.8029124729079962e-03,33];
	[-1.8409851380730203e-03,34];
	[-1.8211343628518574e-03,35];
	[-1.7960534389386458e-03,36];
	[-1.7476372356322854e-03,37];
	[-1.9359690169916009e-03,38];
	[-2.1380030249537685e-03,39];
	[-1.6714435263594988e-03,40];
	[-1.8090363125912257e-03,41];
	[-2.1823486504946601e-03,42];
	[-2.0733051124147681e-03,43];
	[-1.4554964477324025e-03,44];
	[-1.6645189793070953e-03,45];
	[-2.2360147071773247e-03,46];
	[-1.5021899008276231e-03,47];
	[-1.7845471200811187e-03,48];
	[-2.1271790901611549e-03,49];
	[-1.7648899140600091e-03,50];
	[-1.8534860580450244e-03,51];
	[-1.7827522924558250e-03,52];
	[-1.7648415822742647e-03,53];
	[-1.9528953214790101e-03,54];
	[-2.0042132998584067e-03,55];
	[-1.6316637289899259e-03,56];
	[-1.7778679666746657e-03,57];
	[-1.0997398161622536e-03,58];
	[-2.7127010047097930e-03,59];
];

%SVM 2 of 9
numsv2=60;
b2=-1.7541798312776385e-05;
alphas2=[
	[-1.8076057866576955e-03,0];
	[-1.8730168998887628e-03,1];
	[-1.8274882308200661e-03,2];
	[-1.8500868992277451e-03,3];
	[-1.8381421517688489e-03,4];
	[-1.8541526299206772e-03,5];
	[-1.9154620075420674e-03,6];
	[-1.8342141526430731e-03,7];
	[-1.8543615158908660e-03,8];
	[-1.8385156313277301e-03,9];
	[-1.8122978272756261e-03,10];
	[-1.8377191628524919e-03,11];
	[+1.6151210934228499e-02,12];
	[+1.6471007294809860e-02,13];
	[+1.7305608857879160e-02,14];
	[+1.7402496694015553e-02,15];
	[+1.6263929663771725e-02,16];
	[+1.6260294626297578e-02,17];
	[-1.8060606412638428e-03,18];
	[-1.7554490927738124e-03,19];
	[-1.7711230580346440e-03,20];
	[-1.8080762873437669e-03,21];
	[-1.8800604333439996e-03,22];
	[-2.0632813034842969e-03,23];
	[-1.8258383215553182e-03,24];
	[-2.0857567136275093e-03,25];
	[-1.7717508831112568e-03,26];
	[-1.7713957781188298e-03,27];
	[-1.8689662987068068e-03,28];
	[-1.7612781438821788e-03,29];
	[-1.7699441983577073e-03,30];
	[-1.9756276174293179e-03,31];
	[-1.8676419952639086e-03,32];
	[-1.8028196391159464e-03,33];
	[-1.8411118376512254e-03,34];
	[-1.8213163278337893e-03,35];
	[-1.7965345992733521e-03,36];
	[-1.7477208409381916e-03,37];
	[-1.9362519703661103e-03,38];
	[-2.1389866372947129e-03,39];
	[-1.6722623166157045e-03,40];
	[-1.8095906138916101e-03,41];
	[-2.1834839360939419e-03,42];
	[-2.0740418945833215e-03,43];
	[-1.4560916373794494e-03,44];
	[-1.6649578538453929e-03,45];
	[-2.2361437977426813e-03,46];
	[-1.5025915827668178e-03,47];
	[-1.7856029663188638e-03,48];
	[-2.1274469425603972e-03,49];
	[-1.7649789905436629e-03,50];
	[-1.8537292836621200e-03,51];
	[-1.7839066275105943e-03,52];
	[-1.7650820768616733e-03,53];
	[-1.9533975720014887e-03,54];
	[-2.0055815170740387e-03,55];
	[-1.6307628928085328e-03,56];
	[-1.7782803332466257e-03,57];
	[-1.1008236269461861e-03,58];
	[-2.7132778922758297e-03,59];
];

%SVM 3 of 9
numsv3=60;
b3=-1.0382581350184758e-05;
alphas3=[
	[-1.8079352969978292e-03,0];
	[-1.8749579611759787e-03,1];
	[-1.8283877143507562e-03,2];
	[-1.8505731899543432e-03,3];
	[-1.8395697470898454e-03,4];
	[-1.8548904020310132e-03,5];
	[-1.9175576015806387e-03,6];
	[-1.8353374484846462e-03,7];
	[-1.8555342123099615e-03,8];
	[-1.8396380196062628e-03,9];
	[-1.8130030005867089e-03,10];
	[-1.8381037688336484e-03,11];
	[-1.7921387775882162e-03,12];
	[-1.8282405958800854e-03,13];
	[-1.9207878826572042e-03,14];
	[-1.9315392213066283e-03,15];
	[-1.8054196267803875e-03,16];
	[-1.8052408744637350e-03,17];
	[+1.6279621929420184e-02,18];
	[+1.5825353318733318e-02,19];
	[+1.5969888359844069e-02,20];
	[+1.6298058361186921e-02,21];
	[+1.6944352458391213e-02,22];
	[+1.8596405717132711e-02,23];
	[-1.8264777038740050e-03,24];
	[-2.0866786613441620e-03,25];
	[-1.7740325046215063e-03,26];
	[-1.7722849946856033e-03,27];
	[-1.8690357705590385e-03,28];
	[-1.7628568513262245e-03,29];
	[-1.7712480032442807e-03,30];
	[-1.9769229093698844e-03,31];
	[-1.8687735774554183e-03,32];
	[-1.8038291224265353e-03,33];
	[-1.8424230655381259e-03,34];
	[-1.8220622970857049e-03,35];
	[-1.7976616671033520e-03,36];
	[-1.7488326219472319e-03,37];
	[-1.9375548707743159e-03,38];
	[-2.1400677926890622e-03,39];
	[-1.6737365445142292e-03,40];
	[-1.8102929532184699e-03,41];
	[-2.1849714382634619e-03,42];
	[-2.0751007295882968e-03,43];
	[-1.4572662503652036e-03,44];
	[-1.6649800388753024e-03,45];
	[-2.2375560079130998e-03,46];
	[-1.5041287778203159e-03,47];
	[-1.7865503252522501e-03,48];
	[-2.1282007029474739e-03,49];
	[-1.7656810642913330e-03,50];
	[-1.8550951865077127e-03,51];
	[-1.7850013945339123e-03,52];
	[-1.7666700657019592e-03,53];
	[-1.9548381970985354e-03,54];
	[-2.0062816294048901e-03,55];
	[-1.6325063906315156e-03,56];
	[-1.7794945274680306e-03,57];
	[-1.1011609048619654e-03,58];
	[-2.7149518410783009e-03,59];
];

%SVM 4 of 9
numsv4=60;
b4=-9.8223673131764451e-06;
alphas4=[
	[-1.8090210191610996e-03,0];
	[-1.8740200780628924e-03,1];
	[-1.8287305168744222e-03,2];
	[-1.8511135625391497e-03,3];
	[-1.8394503820395728e-03,4];
	[-1.8547714205734969e-03,5];
	[-1.9180466391016859e-03,6];
	[-1.8356178402351762e-03,7];
	[-1.8556748724729648e-03,8];
	[-1.8396648696337946e-03,9];
	[-1.8127369652378366e-03,10];
	[-1.8382228829839204e-03,11];
	[-1.7927061371313720e-03,12];
	[-1.8283872290973881e-03,13];
	[-1.9209726034603782e-03,14];
	[-1.9317664669961712e-03,15];
	[-1.8056350306430030e-03,16];
	[-1.8043880135112575e-03,17];
	[-1.8065927241537202e-03,18];
	[-1.7568780158148793e-03,19];
	[-1.7728113820755706e-03,20];
	[-1.8095729209819565e-03,21];
	[-1.8815327129044481e-03,22];
	[-2.0639655225310524e-03,23];
	[+1.6457032927788239e-02,24];
	[+1.8797564991675300e-02,25];
	[+1.5974356683713352e-02,26];
	[+1.5967314841226335e-02,27];
	[+1.6841461023752013e-02,28];
	[+1.5880431799953080e-02,29];
	[-1.7707875545991849e-03,30];
	[-1.9766013585867841e-03,31];
	[-1.8693034957853690e-03,32];
	[-1.8038982727137344e-03,33];
	[-1.8430304464729539e-03,34];
	[-1.8219902805632984e-03,35];
	[-1.7979103554333102e-03,36];
	[-1.7489984741249009e-03,37];
	[-1.9376810522556489e-03,38];
	[-2.1403005152714886e-03,39];
	[-1.6732113650409200e-03,40];
	[-1.8103205503220273e-03,41];
	[-2.1842140719511775e-03,42];
	[-2.0749107199656289e-03,43];
	[-1.4576897946358555e-03,44];
	[-1.6664375808419681e-03,45];
	[-2.2373470308752613e-03,46];
	[-1.5037317024308760e-03,47];
	[-1.7856561574949759e-03,48];
	[-2.1281572324721300e-03,49];
	[-1.7665662361504128e-03,50];
	[-1.8559679331471401e-03,51];
	[-1.7841071937819038e-03,52];
	[-1.7673574825136365e-03,53];
	[-1.9550817229157524e-03,54];
	[-2.0065279528965179e-03,55];
	[-1.6324889662313298e-03,56];
	[-1.7793956423245441e-03,57];
	[-1.1017054760844209e-03,58];
	[-2.7143282093211496e-03,59];
];

%SVM 5 of 9
numsv5=60;
b5=-1.5801680555380029e-05;
alphas5=[
	[-1.8072159818572555e-03,0];
	[-1.8739919804607837e-03,1];
	[-1.8274262537014555e-03,2];
	[-1.8495260379585005e-03,3];
	[-1.8392973060739094e-03,4];
	[-1.8537905338952187e-03,5];
	[-1.9164518752225652e-03,6];
	[-1.8351136857576137e-03,7];
	[-1.8544863118379737e-03,8];
	[-1.8386798615177434e-03,9];
	[-1.8121812536301431e-03,10];
	[-1.8376644923855652e-03,11];
	[-1.7913961907422441e-03,12];
	[-1.8280086204541892e-03,13];
	[-1.9205517796183687e-03,14];
	[-1.9306334767458147e-03,15];
	[-1.8037596095009873e-03,16];
	[-1.8045013231381612e-03,17];
	[-1.8065360552948803e-03,18];
	[-1.7559511848197660e-03,19];
	[-1.7724177052992113e-03,20];
	[-1.8081129412961358e-03,21];
	[-1.8792756486664627e-03,22];
	[-2.0635714435757453e-03,23];
	[-1.8255997574575797e-03,24];
	[-2.0855710778639987e-03,25];
	[-1.7720298529843301e-03,26];
	[-1.7716399004589830e-03,27];
	[-1.8687339484741864e-03,28];
	[-1.7625676081292317e-03,29];
	[+1.5955262060675764e-02,30];
	[+1.7806670514165589e-02,31];
	[+1.6835179772906245e-02,32];
	[+1.6254350568760380e-02,33];
	[+1.6599393380088999e-02,34];
	[+1.6417736495089298e-02,35];
	[-1.7963029875022560e-03,36];
	[-1.7480799515181631e-03,37];
	[-1.9361908046360678e-03,38];
	[-2.1387461728822081e-03,39];
	[-1.6732801294150549e-03,40];
	[-1.8104667185971906e-03,41];
	[-2.1831995881878004e-03,42];
	[-2.0744559249440023e-03,43];
	[-1.4571177148399962e-03,44];
	[-1.6649639187529400e-03,45];
	[-2.2364838217300061e-03,46];
	[-1.5026109680077379e-03,47];
	[-1.7853954621282751e-03,48];
	[-2.1268293297024223e-03,49];
	[-1.7651026199941760e-03,50];
	[-1.8543395423697650e-03,51];
	[-1.7845494682516511e-03,52];
	[-1.7658712864912413e-03,53];
	[-1.9536107993192611e-03,54];
	[-2.0048364945143690e-03,55];
	[-1.6318043336977128e-03,56];
	[-1.7788014723245558e-03,57];
	[-1.1011863693820604e-03,58];
	[-2.7134848942337252e-03,59];
];

%SVM 6 of 9
numsv6=60;
b6=+6.4466398320426124e-06;
alphas6=[
	[-1.8110123352478814e-03,0];
	[-1.8779669801618928e-03,1];
	[-1.8303973090720480e-03,2];
	[-1.8531682378983524e-03,3];
	[-1.8423913602641420e-03,4];
	[-1.8573057715635030e-03,5];
	[-1.9197217004187285e-03,6];
	[-1.8376371238258739e-03,7];
	[-1.8581293582032284e-03,8];
	[-1.8426003556183247e-03,9];
	[-1.8152315448560102e-03,10];
	[-1.8411823391943274e-03,11];
	[-1.7961343633217150e-03,12];
	[-1.8300656104787605e-03,13];
	[-1.9241284276387471e-03,14];
	[-1.9342430533937091e-03,15];
	[-1.8074894133134785e-03,16];
	[-1.8070586857034819e-03,17];
	[-1.8090965117865412e-03,18];
	[-1.7594059412075406e-03,19];
	[-1.7755390768226416e-03,20];
	[-1.8118126525519082e-03,21];
	[-1.8837585296887370e-03,22];
	[-2.0669425738864748e-03,23];
	[-1.8298823692391977e-03,24];
	[-2.0899493513076594e-03,25];
	[-1.7748819277784778e-03,26];
	[-1.7753927296859297e-03,27];
	[-1.8718814134805991e-03,28];
	[-1.7651050571007574e-03,29];
	[-1.7734764704715384e-03,30];
	[-1.9788093791696681e-03,31];
	[-1.8711710563718666e-03,32];
	[-1.8068294467251532e-03,33];
	[-1.8452229848988210e-03,34];
	[-1.8252660982563899e-03,35];
	[+1.6190448448903182e-02,36];
	[+1.5752822225147095e-02,37];
	[+1.7451205271575995e-02,38];
	[+1.9274255105085656e-02,39];
	[+1.5076368602703666e-02,40];
	[+1.6308102076853480e-02,41];
	[-2.1876700536637441e-03,42];
	[-2.0773176897561758e-03,43];
	[-1.4594044556070149e-03,44];
	[-1.6684727019418933e-03,45];
	[-2.2408933069634858e-03,46];
	[-1.5057556078903655e-03,47];
	[-1.7889360477405564e-03,48];
	[-2.1307098690837036e-03,49];
	[-1.7684560863925293e-03,50];
	[-1.8578893568423104e-03,51];
	[-1.7873942667249159e-03,52];
	[-1.7691036971496763e-03,53];
	[-1.9569267164754305e-03,54];
	[-2.0091860237743549e-03,55];
	[-1.6345485095008527e-03,56];
	[-1.7819271348870650e-03,57];
	[-1.1053420045309703e-03,58];
	[-2.7165340209078874e-03,59];
];

%SVM 7 of 9
numsv7=60;
b7=+2.1849169055120164e-05;
alphas7=[
	[-1.8130748143004177e-03,0];
	[-1.8809137949838300e-03,1];
	[-1.8335997817414459e-03,2];
	[-1.8559884229323387e-03,3];
	[-1.8442150660200934e-03,4];
	[-1.8597813114793495e-03,5];
	[-1.9217592622251915e-03,6];
	[-1.8399543864743889e-03,7];
	[-1.8606834164640608e-03,8];
	[-1.8449287612974596e-03,9];
	[-1.8173429794742467e-03,10];
	[-1.8432520010405852e-03,11];
	[-1.7985418679710447e-03,12];
	[-1.8327736770864154e-03,13];
	[-1.9248728452957091e-03,14];
	[-1.9378933303192559e-03,15];
	[-1.8099776220526873e-03,16];
	[-1.8093231036367325e-03,17];
	[-1.8121932715396752e-03,18];
	[-1.7612366060419523e-03,19];
	[-1.7776271235220163e-03,20];
	[-1.8141517381039414e-03,21];
	[-1.8856726033718884e-03,22];
	[-2.0697123904170503e-03,23];
	[-1.8316237859710958e-03,24];
	[-2.0916513612227882e-03,25];
	[-1.7781687030513438e-03,26];
	[-1.7770071070504396e-03,27];
	[-1.8747497367178514e-03,28];
	[-1.7678373485733607e-03,29];
	[-1.7754175747418757e-03,30];
	[-1.9811987290026846e-03,31];
	[-1.8738265522505928e-03,32];
	[-1.8095287115848001e-03,33];
	[-1.8478331369527535e-03,34];
	[-1.8274982335791923e-03,35];
	[-1.8025873132384541e-03,36];
	[-1.7539571437303119e-03,37];
	[-1.9429170710821475e-03,38];
	[-2.1450236947610272e-03,39];
	[-1.6790209710215345e-03,40];
	[-1.8145146395391841e-03,41];
	[+1.9672775980627930e-02,42];
	[+1.8684820428387240e-02,43];
	[+1.3125984802640113e-02,44];
	[+1.5004398238604751e-02,45];
	[+2.0149809942839030e-02,46];
	[+1.3543617949978659e-02,47];
	[-1.7909778908955535e-03,48];
	[-2.1337277230294958e-03,49];
	[-1.7704898728620334e-03,50];
	[-1.8607669592392963e-03,51];
	[-1.7895934400178946e-03,52];
	[-1.7714270674978291e-03,53];
	[-1.9592789472982512e-03,54];
	[-2.0110379661567269e-03,55];
	[-1.6374505664666097e-03,56];
	[-1.7846932219304794e-03,57];
	[-1.1064772888447387e-03,58];
	[-2.7198052379204933e-03,59];
];

%SVM 8 of 9
numsv8=60;
b8=-1.4156323510866077e-05;
alphas8=[
	[-1.8075784704770547e-03,0];
	[-1.8740745695130987e-03,1];
	[-1.8273107854455386e-03,2];
	[-1.8502524574595094e-03,3];
	[-1.8381541819516099e-03,4];
	[-1.8549743137391687e-03,5];
	[-1.9174759236781902e-03,6];
	[-1.8349033321371777e-03,7];
	[-1.8543723203774409e-03,8];
	[-1.8398643212198971e-03,9];
	[-1.8120610279357856e-03,10];
	[-1.8383343970951756e-03,11];
	[-1.7923814622777237e-03,12];
	[-1.8280637562239652e-03,13];
	[-1.9205375035535200e-03,14];
	[-1.9307611603352566e-03,15];
	[-1.8042129266292854e-03,16];
	[-1.8044049744313968e-03,17];
	[-1.8066884190382562e-03,18];
	[-1.7557095874058510e-03,19];
	[-1.7721392652334501e-03,20];
	[-1.8087024124811954e-03,21];
	[-1.8801802240028865e-03,22];
	[-2.0641771795717836e-03,23];
	[-1.8265787258405699e-03,24];
	[-2.0865605599778487e-03,25];
	[-1.7731817681086548e-03,26];
	[-1.7713940983718011e-03,27];
	[-1.8689634071175744e-03,28];
	[-1.7615009917382287e-03,29];
	[-1.7702052078847946e-03,30];
	[-1.9763649512877313e-03,31];
	[-1.8683190860003405e-03,32];
	[-1.8035578458590344e-03,33];
	[-1.8418622203524382e-03,34];
	[-1.8215320849167202e-03,35];
	[-1.7971095245562908e-03,36];
	[-1.7482530010790526e-03,37];
	[-1.9364218379685813e-03,38];
	[-2.1395504225691984e-03,39];
	[-1.6731037543434343e-03,40];
	[-1.8102030739353214e-03,41];
	[-2.1839923718386112e-03,42];
	[-2.0740722379956459e-03,43];
	[-1.4565405753242579e-03,44];
	[-1.6652523431960734e-03,45];
	[-2.2371287655766152e-03,46];
	[-1.5035975843772410e-03,47];
	[+1.6092526709946368e-02,48];
	[+1.9171237301956412e-02,49];
	[+1.5910256780664531e-02,50];
	[+1.6714616879952446e-02,51];
	[+1.6079025686086521e-02,52];
	[+1.5916373414236230e-02,53];
	[-1.9537127909514079e-03,54];
	[-2.0060291584336719e-03,55];
	[-1.6316121151627547e-03,56];
	[-1.7796016180816273e-03,57];
	[-1.1012187500910220e-03,58];
	[-2.7134572512026050e-03,59];
];

%SVM 9 of 9
numsv9=60;
b9=-2.5080503793381385e-05;
alphas9=[
	[-1.8056063385454139e-03,0];
	[-1.8721341611776785e-03,1];
	[-1.8255349923731027e-03,2];
	[+1.6675557281888072e-02,3];
	[+1.6573422325278635e-02,4];
	[+1.6711401665023023e-02,5];
	[-1.9149386617026149e-03,6];
	[+1.6537602672845514e-02,7];
	[+1.6718249512521061e-02,8];
	[+1.6575663617680002e-02,9];
	[-1.8112981469166004e-03,10];
	[-1.8370099852662637e-03,11];
	[-1.7898019936248817e-03,12];
	[-1.8254737206961052e-03,13];
	[-1.9186702941366843e-03,14];
	[-1.9296926010489287e-03,15];
	[-1.8036424424481689e-03,16];
	[-1.8026190613161586e-03,17];
	[-1.8049734659809191e-03,18];
	[-1.7546060041196293e-03,19];
	[-1.7706147034770672e-03,20];
	[-1.8060723277763351e-03,21];
	[-1.8794052338808977e-03,22];
	[-2.0615472457693827e-03,23];
	[-1.8242288994405659e-03,24];
	[-2.0845057044950903e-03,25];
	[-1.7709467053358754e-03,26];
	[-1.7699492754569650e-03,27];
	[-1.8670420095365104e-03,28];
	[-1.7609783924464723e-03,29];
	[-1.7694234608233578e-03,30];
	[-1.9748347000554381e-03,31];
	[-1.8660232360462740e-03,32];
	[-1.8021237026395144e-03,33];
	[-1.8395855898560381e-03,34];
	[-1.8198774539549736e-03,35];
	[-1.7945006925059437e-03,36];
	[-1.7464797609697792e-03,37];
	[-1.9353975133784005e-03,38];
	[-2.1379346540347293e-03,39];
	[-1.6715622577504802e-03,40];
	[-1.8086771243840880e-03,41];
	[-2.1826158442288445e-03,42];
	[-2.0722230053760774e-03,43];
	[-1.4548894308962846e-03,44];
	[-1.6644482852107817e-03,45];
	[-2.2348495486446559e-03,46];
	[-1.5012615031355823e-03,47];
	[-1.7837184361920524e-03,48];
	[-2.1260351177810962e-03,49];
	[-1.7637574448111314e-03,50];
	[-1.8532402945104210e-03,51];
	[-1.7821697957721518e-03,52];
	[-1.7645947309272443e-03,53];
	[-1.9510694459857589e-03,54];
	[-2.0043553201868963e-03,55];
	[-1.6308546002914215e-03,56];
	[-1.7778602470015319e-03,57];
	[-1.0987988460106229e-03,58];
	[-2.7125231686998181e-03,59];
];
