-1734.08 -1905.28 -1876.32 -1725.07
-1742.75 -1917.34 -1879.30 -1740.57
-1744.49 -1952.08 -1734.20 -1747.24
-1817.35 -1856.91 -1699.98 -1744.28
-1817.35 -1856.91 -1699.98 -1744.28
-1823.79 -2028.78 -1809.90 -1819.43
-1818.12 -2033.00 -1809.60 -1818.41
-1817.42 -2031.71 -1811.65 -1815.37
-1821.26 -2037.71 -1814.52 -1817.56
-1791.99 -1997.90 -1790.47 -1800.32
-1871.37 -1987.54 -1782.57 -1850.39
-1873.47 -1989.39 -1784.73 -1852.00
-1716.62 -1888.21 -1856.46 -1715.29
-1782.68 -1972.43 -1880.36 -1781.90
-1752.08 -1937.20 -1882.79 -1743.77
-1747.13 -1926.03 -1886.51 -1737.98
-1753.45 -1935.34 -1890.20 -1744.38
-1757.23 -1972.30 -1752.37 -1762.59
-1774.78 -1875.60 -1719.89 -1852.88
-1749.79 -1845.83 -1685.50 -1820.49
-1718.54 -1889.58 -1858.54 -1714.08
-1718.54 -1889.58 -1858.54 -1714.08
-1824.10 -2028.68 -1818.99 -1820.14
-1869.24 -1987.88 -1785.08 -1851.91
-1869.24 -1987.88 -1785.08 -1851.91
-1853.64 -1975.95 -1782.35 -1882.08
-1853.64 -1975.95 -1782.35 -1882.08
-1853.64 -1975.95 -1782.35 -1882.08
-1849.57 -1978.28 -1785.33 -1880.72
-1849.57 -1978.28 -1785.33 -1880.72
-1864.23 -1959.77 -1768.91 -1831.18
-1837.59 -1954.18 -1764.63 -1870.18
-1877.14 -1996.56 -1790.00 -1857.21
-1851.94 -1976.24 -1781.83 -1882.39
-1856.00 -1987.17 -1792.85 -1841.83
-1531.89 -1726.89 -1529.08 -1524.88
