-1208.90 -1906.57 -1153.81 -1331.48 -1593.47 -1320.73
-1724.06 -1344.74 -1421.47 -1669.35 -1516.84 -2013.72
-1518.13 -1301.43 -1323.97 -1971.29 -1488.87 -1613.65
-1540.56 -1256.24 -1315.17 -1856.52 -1519.77 -1585.04
-1938.61 -1285.90 -1372.98 -1634.62 -1553.22 -1774.65
-1553.62 -1272.24 -1327.35 -1870.29 -1531.70 -1597.37
-1818.73 -1296.57 -1359.82 -1586.21 -1534.12 -1828.60
-1468.63 -1217.07 -1280.02 -1791.73 -1470.40 -1504.84
-1594.02 -1242.73 -1322.11 -1527.44 -1476.81 -1882.17
-1149.32 -1395.15 -1097.48 -1274.76 -1665.72 -1250.53
-1709.96 -1410.39 -1524.98 -1742.96 -1588.17 -1826.05
-1709.96 -1410.39 -1524.98 -1742.96 -1588.17 -1826.05
-1709.96 -1410.39 -1524.98 -1742.96 -1588.17 -1826.05
-1709.96 -1410.39 -1524.98 -1742.96 -1588.17 -1826.05
-1892.68 -1375.82 -1481.65 -1780.10 -1594.85 -1964.18
-1528.29 -1411.24 -1343.58 -1651.14 -1646.82 -1618.42
-1615.42 -1301.61 -1347.27 -1575.69 -1474.91 -1944.37
-1566.55 -1556.67 -1349.38 -1660.95 -1793.72 -1643.55
-1397.13 -1536.79 -1254.10 -1524.30 -1749.70 -1507.47
-1271.82 -1866.84 -1191.97 -1431.59 -1669.24 -1407.37
-1627.79 -1340.17 -1394.22 -1968.87 -1540.33 -1704.91
-1609.96 -1326.93 -1360.17 -1926.43 -1508.93 -1684.72
-1135.86 -1384.43 -1060.39 -1241.83 -1644.83 -1193.41
-1309.24 -1586.74 -1205.52 -1438.54 -1813.41 -1411.14
-1198.24 -1452.44 -1104.42 -1287.93 -1714.07 -1267.97
-1448.73 -1205.69 -1290.48 -1859.10 -1370.36 -1515.50
-1414.79 -1261.91 -1272.13 -1848.33 -1424.70 -1548.59
-1675.13 -1297.93 -1413.18 -1661.74 -1552.99 -1805.12
-1675.13 -1297.93 -1413.18 -1661.74 -1552.99 -1805.12
-1675.13 -1297.93 -1413.18 -1661.74 -1552.99 -1805.12
-1675.13 -1297.93 -1413.18 -1661.74 -1552.99 -1805.12
-1589.78 -1189.54 -1322.01 -1503.47 -1440.89 -1768.74
-1462.90 -1266.11 -1301.63 -1948.02 -1457.86 -1583.39
-1477.75 -1258.39 -1305.51 -1936.67 -1468.36 -1593.86
-1739.10 -1183.82 -1304.26 -1506.21 -1433.03 -1632.97
-1697.99 -1364.75 -1411.22 -1669.90 -1525.61 -2023.18
-1580.70 -1442.90 -1369.30 -1707.30 -1674.42 -1666.31
-1785.86 -1316.75 -1425.62 -1673.01 -1573.86 -1914.97
-1318.08 -1426.40 -1199.28 -1396.24 -1737.33 -1450.30
-1327.64 -1425.89 -1205.26 -1410.25 -1746.27 -1457.54
-1596.48 -1329.87 -1372.59 -1958.48 -1515.42 -1707.42
-1228.00 -1888.02 -1185.31 -1397.00 -1631.54 -1398.81
-1470.71 -1266.80 -1300.00 -1924.97 -1457.53 -1570.76
-1420.43 -1225.71 -1270.51 -1863.50 -1416.94 -1487.88
-1274.53 -1588.40 -1186.01 -1421.44 -1777.07 -1395.69
-1450.20 -1271.23 -1288.51 -1893.67 -1457.11 -1580.24
-1461.79 -1242.90 -1302.19 -1940.64 -1441.48 -1565.00
-1368.24 -1667.76 -1240.28 -1474.63 -1807.64 -1501.94
-912.10 -1030.69 -865.21 -1011.25 -1273.86 -989.05
-1654.08 -1279.47 -1380.77 -1600.46 -1540.85 -1868.84
-1718.69 -1313.49 -1397.53 -1655.67 -1518.03 -1879.95
-1239.57 -1934.23 -1178.71 -1364.64 -1610.30 -1375.81
-1213.06 -1935.40 -1158.85 -1334.69 -1581.10 -1319.71
-1230.49 -1922.87 -1169.15 -1354.67 -1604.97 -1359.06
-1240.14 -1924.58 -1175.46 -1360.46 -1613.06 -1369.21
-1871.69 -1239.52 -1357.77 -1600.02 -1512.23 -1751.42
-1575.25 -1223.60 -1317.44 -1511.79 -1445.47 -1880.53
-1568.83 -1218.34 -1309.77 -1523.84 -1465.61 -1860.16
-1886.37 -1246.08 -1337.17 -1578.43 -1505.49 -1721.53
-1938.49 -1256.40 -1347.13 -1597.63 -1540.94 -1725.58
-1263.34 -1542.29 -1162.55 -1390.21 -1819.78 -1339.65
-1942.31 -1265.92 -1355.72 -1620.97 -1541.97 -1744.70
-1934.71 -1254.26 -1344.05 -1602.89 -1540.08 -1726.75
-1933.85 -1253.82 -1339.85 -1591.23 -1533.93 -1715.84
-1924.95 -1243.90 -1335.78 -1578.30 -1526.48 -1709.73
-1903.43 -1270.67 -1366.05 -1612.24 -1539.14 -1763.71
-1927.54 -1259.84 -1340.38 -1596.68 -1540.90 -1714.17
-1886.82 -1250.94 -1367.05 -1615.24 -1529.31 -1769.11
-1864.06 -1243.55 -1317.53 -1578.87 -1502.30 -1671.11
-1936.41 -1254.14 -1338.83 -1599.62 -1524.77 -1719.09
-1904.70 -1234.17 -1321.11 -1580.63 -1506.92 -1698.15
-1647.48 -1283.72 -1358.88 -1576.65 -1515.84 -1966.67
-1342.96 -1050.04 -1147.37 -1318.35 -1268.99 -1719.70
-1905.87 -1392.31 -1489.82 -1805.58 -1594.84 -1987.47
-1178.09 -1930.74 -1139.90 -1307.14 -1540.82 -1275.82
-1181.70 -1941.44 -1144.46 -1312.87 -1547.24 -1294.76
-1184.18 -1933.07 -1145.15 -1313.67 -1550.50 -1291.66
-1202.77 -1940.81 -1153.72 -1333.51 -1562.40 -1309.62
-1451.04 -1268.99 -1275.07 -1866.94 -1438.56 -1542.75
-1579.85 -1323.63 -1357.95 -1929.93 -1513.62 -1680.27
-1274.93 -1888.75 -1198.78 -1426.41 -1692.65 -1406.88
-1309.57 -1423.74 -1200.13 -1404.75 -1732.45 -1424.08
-1592.11 -1283.87 -1335.10 -1550.81 -1433.50 -1998.18
-1623.59 -1368.93 -1397.52 -1989.36 -1543.68 -1741.82
-1598.79 -1332.06 -1373.65 -1958.04 -1519.80 -1711.56
-1545.32 -1331.49 -1348.05 -1923.19 -1500.41 -1670.51
-1249.61 -1514.89 -1157.85 -1373.60 -1789.54 -1333.10
-1259.62 -1522.71 -1161.17 -1388.87 -1802.28 -1351.10
-1263.15 -1521.09 -1163.05 -1386.74 -1802.67 -1348.35
-1191.60 -1934.63 -1144.50 -1320.66 -1555.56 -1300.76
-1556.06 -1286.91 -1321.00 -1539.38 -1445.33 -1995.55
-1554.82 -1262.82 -1323.88 -1568.24 -1423.90 -2017.28
-1525.87 -1263.33 -1305.80 -1527.44 -1424.23 -1972.37
-1509.09 -1229.04 -1295.59 -1511.83 -1405.95 -1968.08
-1943.94 -1253.93 -1347.84 -1599.79 -1538.16 -1726.92
-1533.05 -1260.76 -1315.85 -1554.13 -1427.23 -1999.40
-1345.22 -1027.47 -1136.24 -1283.25 -1251.02 -1677.84
-1350.54 -1039.15 -1140.84 -1295.66 -1246.56 -1689.94
-1208.09 -1968.78 -1159.07 -1343.80 -1566.75 -1328.16
-1212.03 -1970.06 -1161.18 -1347.05 -1571.02 -1332.92
-1313.55 -1439.52 -1202.36 -1400.91 -1739.96 -1431.58
-1334.24 -1443.58 -1212.69 -1427.82 -1760.58 -1456.37
-1289.94 -1582.97 -1202.75 -1438.43 -1752.10 -1417.51
