-1487.57 -1993.92 -1502.10 -1858.94
-1479.96 -1891.41 -1515.08 -1977.16
-1506.47 -1942.60 -1547.40 -2010.50
-1436.49 -1906.51 -1492.35 -1856.71
-1399.84 -1811.86 -1462.80 -1846.27
-1303.23 -1715.44 -1447.29 -1697.13
-1303.23 -1715.44 -1447.29 -1697.13
-1303.23 -1715.44 -1447.29 -1697.13
-1482.19 -1980.08 -1510.86 -1916.30
-1522.39 -2029.88 -1537.98 -1942.67
-1415.64 -1901.68 -1452.39 -1764.43
-1176.29 -1484.25 -1156.73 -1416.29
-1361.22 -1789.12 -1431.03 -1840.94
-1774.35 -1729.00 -1377.13 -1644.32
-1749.80 -1680.85 -1395.95 -1736.63
-1461.60 -1872.78 -1543.02 -1910.77
-1461.60 -1872.78 -1543.02 -1910.77
-1461.60 -1872.78 -1543.02 -1910.77
-1772.30 -1745.74 -1401.11 -1698.86
-1777.36 -1731.62 -1380.41 -1648.22
-1776.37 -1729.48 -1379.15 -1646.00
-1717.93 -1604.45 -1347.34 -1672.26
-1483.30 -1997.43 -1510.69 -1929.80
-1362.90 -1740.93 -1463.23 -1730.73
-1362.90 -1740.93 -1463.23 -1730.73
-1362.90 -1740.93 -1463.23 -1730.73
-1391.77 -1882.21 -1413.21 -1722.63
-1389.65 -1886.36 -1415.50 -1727.76
-1405.34 -1752.44 -1432.82 -1842.10
-1400.99 -1914.38 -1450.99 -1780.29
-1514.30 -2009.25 -1552.65 -1957.34
-1519.26 -2031.08 -1541.91 -1936.20
-1353.97 -1705.13 -1443.07 -1858.24
-1378.46 -1872.18 -1405.27 -1710.68
-1378.62 -1721.96 -1404.74 -1974.15
-1351.68 -1721.37 -1414.42 -1864.56
-1529.73 -2011.97 -1539.46 -1913.35
-1394.67 -1702.22 -1391.52 -2013.01
-1369.31 -1667.04 -1374.65 -1981.00
-1372.12 -1672.96 -1377.15 -1985.39
-1398.96 -1720.55 -1410.57 -2034.41
-1403.42 -1710.06 -1396.50 -2021.25
-1498.47 -1999.99 -1524.44 -1905.45
-1364.91 -1716.50 -1435.36 -1900.85
-1146.67 -1412.34 -1191.95 -1700.59
