0.35 0.77 1.31 -1.82 -0.65 1.02 1.66 -2.32 1.31 -1.29 0.84 -2.20 -0.46 -0.80 0.05 -0.26 -1.47 -0.79 2.19 -4.86 0.54 -2.57 -4.44 -1.06 -2.36 -1.39 0.38 0.19 -2555.70 0.13 2.29 2.11 -4.64 1.17 3.96 -1.00 -0.85 0.61 -2.14
-1.79 0.77 -1.36 2.12 -1.45 -0.53 1.81 -1.29 -3.42 -4.56 -1.37 -4.01 -1.33 -2.96 -1.51 -3.46 -0.98 -4.59 4.79 -3.74 -0.06 -1.02 -4.20 -1.55 -2.08 0.32 2.94 0.16 -2634.60 0.13 -1.59 -1.90 -0.80 1.10 -0.43 -1.44 -0.60 0.46 -0.75
1.38 -1.83 -0.44 -3.80 -2.25 -1.69 -2.22 -0.42 -0.34 -1.98 -4.32 -6.01 -3.21 -3.75 -0.36 -2.19 -0.30 1.39 2.20 -0.54 1.75 -1.32 -2.47 -7.22 -2.68 -0.87 -2.37 0.89 -2374.86 -0.11 0.10 -3.72 -1.24 0.92 0.37 -1.68 -8.32 -0.07 -3.02
1.71 0.29 -0.68 -2.36 -3.27 -0.50 0.21 -2.55 -1.64 -4.29 2.74 -2.38 -0.73 -5.74 0.10 -2.45 -2.76 -1.59 3.20 -1.89 0.13 -0.33 -3.97 0.56 -1.99 -1.44 -0.84 -0.35 -2614.46 -0.17 0.02 -0.36 -3.74 0.32 -0.72 0.20 -4.42 -2.86 2.06
-0.12 -1.27 -1.86 -1.53 -4.62 -1.00 2.29 -2.29 -1.44 -0.81 1.70 0.24 0.51 -1.78 0.82 -1.28 -1.59 -1.28 3.08 -1.81 -2.06 -1.05 -4.28 1.29 -2.33 -0.42 0.46 -0.23 -2475.89 2.19 -0.20 -1.46 0.19 3.45 0.58 1.53 -8.56 -3.43 -2.48
-4.34 -2.02 -3.09 0.57 -1.04 -2.85 -0.07 -1.18 -1.29 -2.39 -1.42 -0.58 -2.37 -0.43 -3.38 1.78 0.78 -1463.30 -18.77 -24.43 -270.83 -118.62 -26.86 -29.02 -112.06 -13.21 -1.01 -0.60 -0.94 -2.60 -0.01 -0.99 -1.29 -6.81 1.64 -0.08 -2.03 -1.96 -1.13
1.71 0.29 3.80 -2.36 -3.27 -0.50 0.21 -0.62 -1.71 -0.12 2.74 -2.38 -0.73 -3.24 0.10 -2.45 -2.76 -2.27 3.20 -1.89 0.13 -0.33 -3.97 0.56 -1.99 -1.44 -0.84 -0.35 -2613.59 -0.17 0.02 -0.36 -4.64 0.32 -0.72 0.20 -4.42 -2.86 2.06
2.20 2.78 -2.09 -0.38 2.08 -1.09 -1.53 0.05 1.47 -0.34 0.46 1.90 -3.08 0.11 0.66 -0.02 1.11 -3.47 1.55 1.81 2.15 -0.19 -2.40 -1.16 -2.39 -0.73 1.36 -3.13 -2323.88 0.44 2.47 1.91 -1.15 -0.34 -0.86 -3.08 -8.10 0.08 -5.10
2.47 1.28 0.77 0.49 1.47 -1.69 -2.23 1.44 0.07 -0.66 -1.13 -4.88 2.32 -0.91 -0.06 -1.18 -1.32 -0.92 2.21 1.37 1.79 -1.57 -2.47 -7.22 -2.10 -0.87 0.25 -0.35 -2389.84 -0.11 0.11 0.74 -1.24 0.93 0.87 -2.28 -11.78 1.08 -1.95
-2.24 -0.11 -2.64 -1.46 -1.59 -2.51 -0.29 -4.19 -3.42 -2.43 -3.30 -0.96 -1.84 -1.84 -3.25 -1.43 -3.39 0.98 4.79 -3.37 2.12 3.91 -4.20 -0.98 -2.08 -1.79 0.30 0.54 -2552.57 0.82 -1.17 -3.17 -3.86 3.78 -0.29 0.13 -6.16 -1.36 -0.55
-2.89 -3.14 -1.78 -4.59 -1.51 -2.61 -0.27 -4.48 -0.60 0.75 -2.40 -0.61 2.20 0.10 -0.47 0.43 0.85 0.58 -2.00 -2.21 -0.95 -1.10 -3.68 0.16 -4.45 -0.78 -1.38 1.42 1.01 -2718.31 -1.02 -1.31 -1.06 4.88 -1.13 -3.12 -1.22 -41.70 -2.19
-2.99 -0.63 -0.64 -1.64 1.85 -1.09 -2.78 -2.63 1.50 1.25 -4.33 -1.09 -1.22 -0.09 0.45 1.08 2.14 -2.86 -0.94 -4.72 -1.07 -1.18 -10.09 -3.08 -0.44 -1.19 -2.11 2.92 -2.83 -2681.75 -1.49 -1.31 -1.42 -2.13 0.75 -1.87 -5.35 -67.55 -1.75
0.08 -0.89 -1.78 -4.59 -0.25 -0.16 -1.47 -4.48 -1.48 0.75 -2.29 -0.61 1.60 -1.61 -0.47 0.25 0.88 1.50 -1.46 -1.88 0.35 -1.10 -0.19 -2.88 -4.45 -0.78 -0.87 1.42 2.50 -2698.23 -1.01 -0.68 -0.70 1.98 -1.15 -3.98 -1.22 -41.15 0.28
-0.03 -0.63 1.39 -0.25 0.52 -3.85 -3.34 -3.16 3.35 0.91 -0.80 -1.37 0.06 -2.16 0.51 0.64 0.45 -1.51 -0.91 -5.01 -2.49 1.32 -9.57 -0.94 -2.42 -1.12 1.58 -0.42 0.69 -2709.79 -0.17 2.79 -0.96 -3.67 1.19 1.83 0.46 -55.69 -1.86
-2.89 0.31 0.50 -1.65 2.16 -3.14 -0.54 -2.40 0.78 1.21 1.18 -1.36 0.92 0.38 -0.44 -0.53 -0.15 -2.07 0.08 -1.96 -2.47 -0.27 -9.90 -2.30 -4.27 -0.76 -1.56 1.53 -3.38 -2657.88 0.45 -0.20 -0.56 -2.54 -0.43 -1.87 -3.44 -56.44 -1.76
-0.22 -0.04 -0.86 -0.70 -0.23 -3.09 -0.66 -3.16 0.26 2.09 -0.45 -2.15 0.06 -0.45 0.64 -1.58 0.45 -2.06 -2.48 -4.46 -3.82 -0.84 -2.84 -1.29 -2.42 -2.07 0.00 -2.00 -0.15 -2665.28 0.57 2.11 -1.01 -5.73 1.19 -1.87 -0.27 -54.03 -2.72
-1.03 1.52 0.34 0.27 -1.44 -5.49 -4.36 -1.54 0.11 3.73 -0.05 -3.00 0.86 0.41 -1.34 0.03 0.14 -25.81 -1753.08 -23.75 -15.50 -14.04 -26.78 -43.19 -24.23 -15.68 -1.11 -4.09 -1.27 -0.94 0.23 -3.19 -4.29 -2.57 1.02 -0.47 0.39 -1.25 -3.06
-1.03 0.95 0.69 0.27 -1.42 -3.17 -1.86 -2.57 -0.64 2.43 -1.32 -3.00 2.98 0.41 -1.34 -0.97 0.96 -18.61 -1719.12 -26.63 -15.45 -14.04 -28.66 -38.64 -24.25 -14.93 1.24 -4.09 1.91 1.08 1.50 -3.19 0.62 -2.57 -0.19 -1.18 -1.05 0.45 -5.22
-2.89 -2.71 -2.92 -5.15 -0.34 -1.71 0.13 -4.49 -0.60 0.75 -2.40 -0.61 1.60 0.20 -0.03 0.62 0.89 0.57 -2.51 -1.87 1.62 -0.85 -4.00 -0.19 -5.26 -0.78 -0.58 0.28 1.01 -2665.35 -1.00 -0.79 -1.06 0.76 -1.13 -2.20 -2.62 -35.55 -0.76
-0.28 -1.12 0.69 -0.23 -1.42 -5.49 -1.26 -3.38 0.11 2.43 0.61 -3.00 0.86 0.41 -1.34 1.02 0.14 -25.81 -1760.03 -20.53 -14.14 -14.04 -26.28 -46.62 -24.23 -14.61 -1.11 -4.22 -1.26 -0.94 2.20 -3.19 -2.13 -2.68 1.02 -0.47 -1.05 0.45 -3.06
-0.69 -3.18 -0.30 -5.87 3.93 -2.14 -1.02 -2.97 -3.83 2.67 -2.06 -1.83 -0.22 -0.45 -0.75 0.73 0.10 -1.41 -1.38 -3.31 -3.12 0.01 -3.05 0.02 -3.19 1.53 -3.88 -0.66 1.89 -2629.45 -0.36 -1.24 0.42 -1.53 -0.06 -2.73 -0.96 -39.51 1.14
-1.53 0.43 0.35 -2.38 0.29 1.45 -1.32 -1.81 -0.37 -0.91 0.25 -1.51 1.24 0.38 -1.26 0.30 3.33 -1.70 0.06 -4.72 0.77 -0.19 -10.17 -2.52 -4.27 -1.19 -0.67 0.47 -2.01 -2672.63 0.00 3.55 -0.39 -0.82 -1.79 -0.35 -3.44 -66.51 -2.08
-3.48 -1.43 -0.21 -3.18 -1.14 3.67 -1.55 0.20 -2.32 -1.10 -0.81 1.79 -0.88 -0.47 -3.60 0.43 1.52 -2.79 -0.76 0.64 2.99 0.87 -0.49 -1.03 0.00 0.07 1.27 -3.08 -2.32 -0.81 -2625.38 1.30 -1.22 -1.53 1.26 0.84 -1.54 2.38 -7.30
1.08 1.07 0.18 1.46 -0.56 0.72 0.45 -2.74 -1.59 1.19 1.30 1.16 -0.28 0.14 -7.09 -1.65 2.94 -2.46 2.58 -0.25 1.75 0.19 4.23 -0.65 -1.02 0.19 -2.61 -1.13 -0.46 -1.62 -2563.51 -1.60 0.92 -0.71 -1.40 -1.92 -0.33 -0.47 -10.21
2.58 0.19 0.50 -3.49 -2.56 2.96 -3.59 -0.40 -0.91 -1.34 -2.52 -1.26 -4.52 -0.49 -0.47 0.23 -2.09 0.29 -0.19 -3.05 2.98 0.45 -3.39 -2.67 -1.70 -2.30 1.21 -4.64 2.78 -0.89 -2592.21 1.20 -0.49 -3.13 0.94 -0.06 -4.47 0.69 -14.62
-1.03 1.52 0.69 0.27 -1.42 -5.49 -1.86 -1.60 -0.14 2.43 -1.32 -3.00 2.98 0.41 -1.34 -0.97 0.14 -23.07 -1738.81 -26.63 -15.45 -14.04 -28.54 -39.00 -24.73 -17.51 1.24 -4.09 0.45 1.08 0.23 -3.19 -3.14 -1.16 1.02 -1.18 -0.70 -1.25 -5.22
2.06 0.09 -3.82 0.08 -2.46 -2.74 -0.10 -1.35 -4.08 -1.59 -1.61 0.29 -4.43 1.12 -3.54 -1.38 -0.20 1.32 0.87 -1.12 2.40 -1.05 0.17 -1.97 0.31 -3.04 -2.49 0.20 -2.87 -0.20 -2661.85 -0.71 -1.13 -3.27 0.96 -1.63 -0.98 -3.19 -11.83
-0.42 -3.37 0.12 -1.53 -0.05 1.77 0.34 0.49 1.72 -3.16 0.60 0.66 -3.77 -0.47 -0.89 -2.64 0.68 -0.94 -1.45 0.00 0.86 1.07 0.34 -1.15 0.09 -1.26 1.12 -3.38 1.77 0.01 -2640.24 0.30 -0.51 -1.48 1.21 -0.35 -0.29 -0.11 -6.07
-1.03 -0.12 0.69 0.27 -1.42 -5.49 -1.86 -1.54 0.11 2.43 -0.05 -3.00 0.86 0.41 -1.34 0.03 0.14 -22.14 -1757.32 -23.75 -15.45 -14.04 -28.29 -43.19 -24.23 -17.51 -1.11 -4.09 -2.62 -0.94 0.23 -3.19 -4.29 -2.57 1.02 -1.18 0.39 -1.25 -3.06
0.20 -2.92 1.00 1.49 1.06 -0.70 -0.09 1.38 -3.57 -2.17 -1.36 0.63 -5.59 0.30 -0.32 -0.83 -2.81 -1.07 1.02 1.47 0.14 -0.04 -4.64 -2.73 -3.59 -2.15 -2.52 0.46 -0.71 1.08 -2669.92 -0.79 -0.45 -0.31 0.94 2.03 -2.48 -2.49 -13.79
-1.03 1.52 0.69 0.27 -1.42 -5.49 -1.43 -1.54 -0.14 2.43 -1.32 1.08 2.98 0.41 -1.34 -0.97 0.14 -19.42 -1730.65 -26.63 -15.50 -14.04 -27.45 -39.00 -24.73 -16.82 1.24 -4.09 0.21 1.08 0.23 -3.19 -0.98 -2.57 1.02 -1.18 -1.40 0.45 -5.22
-0.19 3.38 1.00 1.49 1.06 -0.69 -0.10 1.20 -3.96 -1.75 -1.11 2.25 -5.25 0.30 -0.39 -1.07 -4.24 -1.07 1.02 1.79 0.01 -0.03 -3.50 -2.95 -3.32 -2.35 -2.78 0.46 -0.88 0.95 -2670.16 -0.79 0.13 -0.31 0.94 2.03 0.04 -2.49 -14.88
-1.10 -1.47 -0.09 -0.45 -1.69 0.41 -2.87 -2.01 -1.90 -0.27 -3.82 -0.45 -2.23 0.57 -3.74 -2.35 -3.59 -1482.50 -18.22 -21.70 -281.38 -89.24 -21.82 -16.87 -126.62 -13.73 -2.77 0.71 -0.78 -1.01 -3.04 0.06 -3.53 1.46 0.28 1.77 -1.82 -0.22 -3.54
1.89 2.43 -4.69 -0.81 -2.47 0.07 -1.01 -1.88 -4.08 -1.59 -1.37 0.49 -5.08 0.45 -2.32 -0.49 -2.33 2.44 -0.19 -1.36 2.40 -1.81 1.64 -1.90 -2.20 -1.43 -1.94 0.45 -0.60 -0.21 -2616.64 -1.52 -3.35 -3.97 -0.46 0.45 -0.97 -2.57 -9.84
-0.82 -0.71 -4.84 -3.50 -2.72 2.22 0.82 0.11 -2.18 -0.98 -0.88 0.53 0.29 -1.85 -1.14 1.82 -3.15 -2.78 1.77 -1.48 0.44 -3.40 2.87 1.46 -4.91 -1.67 -1.64 -1.53 0.07 -1.33 -2302.74 -1.49 -3.94 -0.19 2.14 -2.65 -3.91 -0.70 -6.49
-18.26 -13.11 -15.57 -26.66 -24.55 -24.92 -33.42 -24.75 -34.45 -16.06 -8.34 -20.93 -27.71 -17.66 -26.64 -15.48 -0.21 -2.51 -1.34 -3.55 0.12 2.56 0.07 4.35 2.41 -1.45 -1.73 -3.09 -0.99 -0.35 -1.75 -2195.93 -2.82 0.84 -1.24 1.48 -2.67 1.06 -3.17
-18.26 -13.11 -15.57 -26.66 -24.65 -28.25 -30.65 -24.75 -33.54 -18.65 -8.34 -22.68 -30.06 -17.66 -26.64 -15.48 -0.21 -2.51 -1.34 -3.55 1.71 2.56 -0.64 4.35 -0.23 -1.45 -1.73 -2.57 -1.00 -0.35 -1.75 -2202.39 -2.82 0.84 -1.24 7.27 -3.83 1.47 -3.17
-2.40 -1.61 -1.03 0.15 -1.04 -6.89 -5.71 -0.79 0.33 0.40 0.40 -1.04 -2.97 0.00 1.35 -1.77 -1.99 -0.98 -1.34 -0.48 -0.27 -0.76 0.06 2.70 -0.21 -0.28 0.84 -3.08 2.19 -2.09 -1.72 -1310.50 -3.50 -2.65 -2.75 1.49 -4.52 1.50 -4.01
-18.26 -13.11 -15.57 -26.66 -25.15 -27.57 -31.08 -24.75 -33.54 -17.07 -8.34 -22.68 -30.06 -17.66 -26.64 -15.48 -0.21 -2.24 -1.34 -3.55 3.05 2.56 0.07 2.36 -0.23 -1.45 -1.73 -3.16 -1.00 -0.35 -1.75 -2200.84 -2.57 0.84 -1.24 1.48 -3.83 1.06 -3.17
-15.64 -13.17 -12.72 -26.84 -35.63 -23.20 -33.89 -26.99 -33.36 -12.47 -10.45 -23.66 -30.34 -18.96 -27.30 -17.97 3.64 -2.91 -1.22 -3.47 1.10 0.19 3.36 2.39 0.11 -5.92 -3.40 -2.41 -1.04 1.33 -1.95 -2158.66 -0.44 -0.60 0.32 -0.02 0.89 0.49 -3.17
-18.26 -13.11 -10.90 -26.66 -23.36 -25.97 -32.43 -24.75 -33.54 -16.06 -8.34 -22.68 -31.07 -17.66 -26.64 -15.48 -1.90 -2.51 -0.92 -3.55 2.69 2.56 0.07 0.70 -3.00 -0.62 -1.73 -2.84 -1.00 0.80 -1.72 -2186.46 -3.06 0.07 -1.24 1.48 -3.83 1.06 -3.63
-18.26 -13.11 -15.57 -26.66 -24.08 -32.90 -34.02 -24.75 -33.54 -16.06 -8.74 -22.68 -30.06 -17.66 -26.64 -15.48 -0.78 -2.51 -1.34 -3.55 1.13 2.56 0.07 4.35 -3.00 -1.45 -1.73 -3.09 -0.99 -0.35 -0.97 -2187.83 -4.20 1.27 0.14 1.48 -3.83 1.06 -3.17
1.01 -1.73 0.10 -1.30 -3.40 -1.35 -1.32 -6.70 0.22 -0.64 1.39 -0.53 -7.04 -4.40 -1.32 -6.51 0.13 -0.98 -1.21 -1.44 3.42 -3.33 -0.11 0.48 -0.84 -6.40 -3.41 -1.19 0.62 5.68 -0.54 -1330.03 -0.57 2.09 0.62 2.39 0.75 1.01 -4.01
-14.64 -12.82 -15.34 -23.74 -29.51 -19.68 -40.27 -29.09 -29.91 -18.37 -9.92 -18.51 -25.38 -19.30 -25.59 -17.43 0.53 -2.80 -0.53 -3.63 -0.16 3.55 0.70 0.54 0.75 -6.18 -0.11 -1.79 -0.34 0.18 -2.33 -2119.79 -0.30 0.28 1.07 -0.84 -1.40 -1.40 -4.36
-2.34 -0.33 -2.74 -1.04 2.36 -2.38 1.97 0.32 -0.07 -0.61 -4.54 -0.95 0.37 0.48 -1.37 -0.38 -0.67 0.18 -4.39 -2.51 1.15 -1.00 -3.28 -2.09 -0.36 -0.26 -6.46 -2.96 -1.88 -1.12 -2.86 -1.06 -1359.90 -1.21 -3.19 -1.79 -1.20 -1.01 -2.54
-2.34 -0.34 -2.74 -3.16 -0.29 -2.39 1.97 -0.49 -0.07 -0.93 -4.54 -1.11 0.37 0.48 -1.37 -0.39 -0.67 0.12 -4.39 -2.51 1.15 -1.00 -3.28 -1.62 -1.61 -0.26 -6.46 -2.96 -1.01 -1.94 -2.86 -1.06 -1364.98 -1.21 -3.19 -1.62 -1.20 -0.79 -2.54
-2.34 -0.34 -0.18 -1.88 -0.29 -2.51 1.97 -0.49 -0.07 -1.41 -4.54 -1.10 0.37 -0.96 -0.63 -0.39 -1.31 -1.06 -4.51 -2.51 1.15 -1.00 -3.28 -1.62 -1.29 -0.26 -6.46 -2.96 -1.01 -3.24 -2.37 -1.06 -1365.39 -1.21 -3.19 -1.79 -1.20 -1.01 -2.54
-0.62 -0.33 -3.86 -2.50 2.94 -1.00 0.02 0.32 -0.79 1.31 -4.45 -1.63 2.27 -0.95 -1.00 -0.27 -0.67 -1.06 -2.04 -0.72 1.35 0.04 -1.59 1.05 -0.55 -1.53 -6.47 -2.65 0.56 -2.64 -2.10 -1.70 -1350.58 -3.06 -3.20 -3.23 -0.46 -1.87 -1.07
-4.99 -0.33 -1.73 -1.91 2.93 -1.00 -1.90 -0.60 -1.77 1.31 -5.33 -1.17 0.47 0.48 -0.24 -0.38 1.23 0.12 -3.80 -2.51 1.35 -0.07 -3.24 -1.26 -0.36 1.19 -6.46 -2.65 -0.27 -3.24 -4.10 -1.69 -1370.01 -2.12 -3.19 -1.11 0.11 -1.01 -1.07
-0.62 -0.34 -1.88 -2.50 2.37 -1.00 0.01 0.32 -1.10 1.31 -4.50 -1.62 2.27 -0.96 -1.00 -1.07 -0.67 -1.06 -2.04 -2.47 1.35 0.03 -3.29 -1.26 -0.36 -0.75 -6.71 -2.65 0.56 -2.64 -2.37 -1.69 -1372.26 -2.01 -3.19 -2.81 -0.46 -1.87 -1.07
-2.38 -0.34 -1.73 -1.91 -0.34 -2.38 -2.28 -0.49 -1.77 1.31 -5.33 -2.11 0.47 0.48 -1.00 -0.38 -0.67 0.12 -1.92 -2.51 1.35 0.03 -3.29 -1.26 -0.36 1.19 -6.46 -2.65 -0.26 -3.24 -4.10 -1.69 -1374.46 -1.19 -3.19 -2.81 0.12 -1.01 1.17
-4.95 -0.34 -1.73 -1.91 2.82 -1.00 0.01 0.32 -1.42 0.39 -5.33 -2.38 5.20 0.48 -1.00 0.55 -0.67 0.12 -4.44 -2.51 1.35 -1.10 -0.20 -1.70 -0.36 1.19 -6.46 -2.96 -0.27 -3.24 -3.68 -1.69 -1369.17 -1.19 -4.68 -2.81 1.05 -1.01 -1.07
-0.62 -0.34 -1.88 -1.91 2.93 -1.00 0.01 0.32 -1.10 1.31 -5.34 -1.63 2.27 -0.96 -1.00 -1.07 -0.67 -1.06 -2.04 -2.47 1.35 0.03 -3.29 -1.26 -0.36 -0.75 -6.46 -2.65 0.56 -2.64 -0.17 -1.69 -1380.59 -2.01 -3.19 -2.81 -0.46 -1.87 -1.07
-0.35 -0.66 -1.95 -5.30 -2.35 -3.96 -1.22 0.83 -0.35 -0.42 -0.74 -0.11 -2.27 0.83 -6.22 -1.76 0.19 -3.00 -0.68 -1.59 -4.08 -9.32 -2.97 -7.46 -6.87 -4.57 -1.07 0.34 1.94 -2.67 -2.19 -0.41 -1.47 -1820.65 -0.46 -1.22 3.05 -1.94 -0.74
-1.50 -0.15 -2.03 -1.27 -2.77 -4.04 -1.22 0.88 1.52 -1.39 -0.88 -1.15 -2.27 2.75 -5.58 -1.76 0.19 -6.25 -0.67 -3.72 -4.19 -9.38 -2.97 -2.75 -7.54 -4.16 -1.01 0.34 1.94 -1.90 -3.79 0.89 -0.66 -1831.95 -1.25 -1.22 1.30 1.03 -2.32
-1.31 -0.72 -2.03 -0.60 -2.67 -4.04 -1.21 0.88 -0.10 2.24 -0.88 0.39 -0.82 0.39 -4.60 -1.76 1.19 -4.63 -0.67 -3.72 -3.08 -8.79 -1.48 -2.41 -9.02 -1.33 -0.29 0.34 1.94 -1.90 -2.19 0.89 -0.66 -1843.44 -1.25 -1.22 1.30 1.03 -2.32
-0.02 0.94 -2.08 -2.20 -1.75 -2.53 -1.21 -1.89 -0.97 -1.18 -1.80 -3.54 0.12 -1.93 -0.45 0.51 0.51 -20.19 -1608.25 -27.77 -13.60 -23.23 -33.21 -39.21 -26.87 -30.01 -1.45 -1.03 -0.58 -0.79 0.56 -2.17 -5.54 1.49 -0.96 -2.14 -0.87 -0.96 -3.63
0.49 -0.65 -1.95 -3.27 -2.68 -3.95 -0.50 0.84 0.89 -0.42 -0.75 -0.94 -2.27 0.84 -2.36 -1.86 0.18 -4.47 -0.69 -5.38 -4.08 -12.86 -3.60 -7.47 -6.88 -4.58 -1.74 -2.39 1.95 -0.25 -2.19 -0.41 -1.46 -1801.99 -0.46 -4.21 3.05 -1.23 -0.74
-1.32 0.15 -2.02 -0.61 -2.78 -2.19 -0.56 -0.07 -0.10 -1.11 -0.88 0.29 -0.43 0.38 -5.90 -1.76 0.18 -5.53 0.71 -3.72 -3.08 -7.79 -1.46 -2.76 -7.76 -4.16 -1.07 0.34 1.95 0.01 -2.19 0.88 -0.66 -1795.78 -1.24 -1.21 1.31 3.62 -2.70
-1.32 -0.72 -2.02 -0.60 -3.79 -4.05 -1.21 0.88 -0.09 -1.11 -0.88 0.29 -0.82 0.39 -5.57 -1.76 1.18 -5.53 -0.67 -3.72 -3.09 -8.78 -1.48 -2.76 -9.02 -4.16 -0.29 0.34 1.94 -1.89 -2.19 0.88 -0.66 -1839.35 -1.24 -1.22 1.30 3.62 -2.32
-1.32 0.14 -2.02 -0.60 -2.68 -4.05 -1.21 0.88 -0.09 -1.11 -0.88 0.29 -2.26 0.39 -5.57 -1.11 0.18 -5.53 -0.67 -4.76 -3.09 -8.78 -1.03 -2.76 -9.02 -4.16 -1.07 0.34 1.94 -1.89 -2.19 -0.40 -0.66 -1814.29 -1.24 -1.22 1.30 2.78 -2.32
-0.35 -0.66 -1.95 -3.28 -3.78 -3.96 -0.51 0.88 0.89 -0.43 -0.75 -0.94 -2.27 0.39 -1.73 -1.86 0.19 -4.46 -0.69 -5.39 -4.09 -12.86 -3.61 -7.46 -5.67 -4.57 -1.07 -2.38 -0.72 -0.25 -2.19 -0.42 -1.47 -1738.58 -0.47 -4.21 3.05 -1.23 -0.74
-0.63 0.14 -2.29 -2.26 -4.16 -4.04 -1.22 2.90 -0.10 2.25 -0.61 0.23 -2.91 0.75 -4.60 -1.76 1.23 -4.62 1.24 -1.59 -3.08 -5.80 -1.47 -2.41 -6.73 -1.33 -1.30 1.38 -2.13 -3.89 -2.19 -0.42 -0.23 -1229.86 1.68 -4.43 1.67 3.93 -2.44
-0.89 -0.27 1.52 -0.48 3.34 -4.17 -1.80 2.16 0.00 -0.92 -0.65 1.62 -0.35 -1.46 -2.59 -2.12 0.10 -4.37 -0.13 0.11 -0.83 0.03 -0.37 0.88 -1.88 -0.90 -13.88 -3.20 1.06 0.31 1.78 0.57 -3.24 -1.31 -2152.90 -2.05 -0.21 -0.29 -0.47
-0.19 -0.90 1.37 -3.32 4.01 -2.95 -4.31 2.16 0.09 -0.92 -2.11 1.62 -2.67 -1.46 -2.59 -2.12 0.10 -3.37 0.78 0.11 0.04 0.03 -0.68 0.88 -1.82 -0.90 -11.88 -0.07 1.06 0.31 1.78 -0.45 -3.35 -1.31 -2198.71 -0.74 1.50 -0.29 -0.39
-0.53 -0.96 1.37 -1.29 1.08 -2.38 -0.03 2.17 -1.14 -0.92 -2.11 1.63 -2.67 -1.46 -2.59 1.07 0.10 -3.37 1.97 0.11 0.87 0.03 -1.66 0.88 -1.82 -0.59 -11.12 -0.07 1.06 0.31 1.78 -0.45 -3.35 -1.31 -2204.49 -0.74 -0.79 -0.29 -0.39
-2.19 -0.81 1.37 -3.32 4.01 -2.38 -3.02 2.17 0.09 -0.92 -3.02 1.63 -2.67 -1.46 -2.59 -2.12 0.10 -3.37 0.78 0.11 0.87 0.03 -0.68 0.88 -1.82 -0.64 -11.88 -0.07 0.60 0.31 1.78 -0.45 -3.35 -1.31 -2199.90 -0.74 1.50 -0.29 -0.39
-0.53 -0.96 1.37 -1.29 1.08 -2.38 -0.03 2.16 -1.14 -0.92 -2.11 1.63 -2.87 -0.59 -2.59 1.07 0.14 -3.37 1.97 2.20 0.87 0.03 -0.68 0.88 -1.82 -0.59 -12.71 -0.07 1.06 0.31 1.78 -0.45 -3.35 3.12 -2189.14 -0.74 -0.79 -0.48 -0.39
-0.53 -0.54 1.37 -1.29 1.08 -2.38 -0.03 2.16 -1.14 -0.92 -2.11 1.63 -2.67 -1.46 -2.59 1.07 0.10 -3.37 1.97 0.11 0.87 0.03 -1.66 0.88 -1.82 -0.59 -11.12 -0.07 1.06 0.31 1.78 -0.45 -3.35 -1.31 -2202.78 -0.74 -0.79 -0.29 -0.39
-2.04 -0.81 1.52 -3.32 4.01 -2.38 -2.01 2.17 0.09 -0.92 -3.02 1.63 -2.67 -1.15 -2.59 -2.12 0.10 -3.37 0.78 -0.97 1.35 0.03 -0.68 0.84 -1.82 -0.90 -11.88 -0.07 1.06 0.31 1.78 -0.45 -3.35 -1.31 -2183.87 -0.74 1.50 -0.48 -0.39
-0.53 -0.96 1.37 -2.30 1.08 -2.38 -1.37 2.14 -1.14 -0.92 -2.11 1.63 -2.67 -1.46 -2.59 0.37 0.10 -3.37 1.97 0.11 0.87 0.03 -0.68 0.88 -1.82 -0.59 -11.72 -0.07 1.06 0.31 2.77 -0.45 -3.35 -1.31 -2187.67 0.89 -0.79 -0.29 -2.31
-2.04 -0.81 1.37 -3.32 4.01 -2.38 -2.01 1.13 0.00 0.61 -2.11 1.63 -2.67 -0.59 -2.97 -2.12 0.10 -3.37 0.78 0.11 0.87 0.03 -0.68 1.05 -1.82 -0.90 -12.71 -0.07 1.06 0.31 1.78 0.57 -3.35 -0.37 -2194.43 -0.74 1.50 -0.29 -0.39
-0.60 2.67 -3.62 -1.40 -1.92 0.95 0.76 -1.19 -0.74 1.16 -0.75 1.37 -0.12 -0.64 2.08 -2.65 1.01 1.27 -3.79 -2.46 -0.64 -3.76 1.28 -4.18 -5.59 0.33 -1.52 -0.46 -0.40 -4.12 -0.30 3.34 -2.42 -2.77 -0.58 -1324.44 -2.29 -4.08 -3.36
-0.39 1.24 -3.99 0.18 -0.14 0.95 0.67 -0.31 1.06 -0.60 -1.24 1.37 0.89 -0.19 1.61 -0.18 1.23 1.83 -1.54 2.75 -0.90 -3.12 1.27 0.38 -5.14 -3.54 -1.12 -0.43 0.11 -2.17 -0.31 3.22 -2.81 -1.31 0.40 -1307.18 2.00 -3.73 -3.36
0.22 2.67 -1.83 -1.22 -1.97 0.95 0.76 -1.57 0.47 -0.27 -0.28 -0.44 1.29 -0.64 2.08 -0.93 1.18 -3.20 -3.79 -2.46 -0.90 -2.47 1.28 -1.37 -4.72 -0.06 -1.54 -0.46 -0.40 -2.02 -0.24 3.34 -2.42 -1.32 -0.58 -1310.95 -2.29 -3.96 -3.36
-0.84 0.93 -0.21 -1.40 -1.97 0.95 0.66 -1.56 -0.74 -0.27 -1.40 1.37 -0.65 -0.64 1.14 -2.65 0.83 1.83 -3.06 -2.27 2.09 -3.17 1.28 -1.32 -5.14 0.33 -1.12 -0.46 0.11 -3.73 -0.30 3.22 -2.82 -1.31 -0.07 -1091.96 -2.71 -4.08 -0.50
-0.39 2.67 -3.99 0.50 -0.08 0.95 0.76 -1.12 -2.44 -0.30 0.16 1.37 -0.12 -0.19 2.08 -0.18 1.23 1.83 -1.54 2.54 -0.63 -3.75 1.57 -0.56 -5.92 0.33 -1.48 -0.43 0.11 -1.66 -0.31 3.22 -2.41 -1.31 -1.95 -1324.38 2.00 -4.08 -0.26
-0.39 2.67 -3.99 -0.66 -0.07 0.95 0.76 -1.13 -0.74 -0.30 -0.40 1.37 -0.12 -0.19 2.08 -2.65 0.71 1.83 -1.54 2.75 -0.64 -3.69 1.28 -0.24 -5.14 0.33 -1.49 -2.23 0.11 -1.26 -0.30 3.21 -2.42 -1.32 -1.95 -1326.11 1.99 -4.08 -2.18
-0.84 2.67 -1.83 -1.22 -1.97 0.95 0.76 -1.57 -0.54 -0.27 -0.28 0.16 0.12 -0.64 2.08 -2.65 1.23 1.83 -3.79 -2.65 -0.64 -2.47 1.28 -1.61 -4.72 0.33 -3.11 -0.34 -0.40 -2.02 -0.30 3.34 -2.42 -1.32 -0.58 -1314.35 -2.29 -4.08 -1.80
0.80 -0.90 2.72 -0.29 -1.55 0.95 -1.64 -1.19 0.36 -0.27 0.32 -1.31 0.12 -0.64 -0.26 -2.88 1.23 1.96 -0.66 -2.27 -1.73 -1.75 1.60 -1.28 -5.14 0.29 0.31 1.14 0.65 -0.52 -0.39 -0.18 -1.51 1.84 1.75 -1214.58 -0.46 -2.72 -3.17
-0.39 2.67 -3.79 -0.58 -0.08 0.95 0.63 0.51 -0.73 -0.30 -0.75 1.37 -0.12 -0.19 0.67 -0.18 1.23 1.83 -1.54 1.73 -0.63 -3.68 1.27 -0.25 -5.14 0.33 -1.48 -0.46 0.11 -1.26 -0.31 3.22 -2.41 -1.31 -1.95 -1336.22 -0.46 -4.08 -1.80
-0.79 0.31 -1.15 -2.70 -0.59 -1.24 0.26 -0.62 -0.78 -1.51 0.68 -1.49 -2.59 2.01 -1.16 1.16 2.20 -0.40 2.34 0.08 -1.41 -0.25 -2.12 0.19 -0.02 -0.17 -0.69 -1.74 -8.36 -3.85 -1.24 -1.67 -1.06 1.35 1.13 -0.94 -2824.39 1.93 -0.94
-1.55 1.29 -1.90 -2.70 -0.59 -0.80 2.97 -3.25 -1.28 -1.24 -1.04 -0.07 -2.59 2.01 0.74 1.16 2.20 -1.18 5.27 -0.89 -0.91 -0.63 -2.32 -1.03 -0.52 -0.17 -0.24 -1.86 -7.63 -3.85 -1.24 -1.67 -1.06 1.43 1.84 -0.94 -2794.57 1.93 1.24
-0.48 2.75 -0.93 -2.70 -0.59 -0.30 1.34 -0.34 -0.11 -2.11 0.68 -1.52 -1.20 2.01 -1.16 -1.24 2.20 -1.55 2.34 0.28 1.44 -2.42 -1.56 -0.34 -0.02 -0.17 -0.69 -1.31 -6.82 -3.12 -3.19 -1.67 -2.55 1.35 -1.62 -0.94 -2745.97 0.64 -0.94
1.10 0.86 -1.33 -2.70 -0.59 0.32 1.08 -3.25 -1.28 -1.51 0.68 -0.07 -2.59 2.01 -0.39 1.16 2.20 -0.77 5.27 -0.89 -1.41 -0.63 -4.21 -0.46 -0.52 0.01 -0.69 -1.86 -7.63 -3.85 -1.24 -1.67 -1.06 1.43 1.44 0.18 -2770.18 1.93 0.44
-2.95 0.31 0.39 -2.70 -0.05 -2.28 -0.78 -1.37 -1.62 -1.51 -2.51 -3.08 -1.74 -0.29 1.08 1.16 2.20 -0.40 0.09 1.18 -1.41 -0.22 -1.47 -0.59 0.33 -0.03 0.71 -2.00 -8.36 -3.12 -0.61 -2.55 -1.06 0.02 -1.62 -0.94 -2751.29 1.96 -0.94
-0.79 -1.25 -5.43 -2.70 -3.97 -1.24 0.26 -2.17 -0.31 -1.22 2.98 -1.42 -3.14 2.01 -1.16 1.16 2.20 -0.40 0.08 1.50 -1.41 -0.63 -2.29 0.19 -0.02 0.09 -0.69 -1.31 -8.36 -3.85 -1.24 -1.67 -0.10 1.35 1.13 -0.94 -2791.92 1.93 -0.94
-0.79 0.31 -1.33 -2.70 -0.59 -0.82 0.26 -0.62 -1.28 -1.51 0.68 -1.42 -3.14 2.01 -1.16 1.16 2.20 -0.40 0.08 -0.89 -1.41 -0.25 -2.12 0.19 -1.68 0.09 -0.69 -1.74 -8.36 -3.85 -1.24 -1.67 -1.06 1.35 1.13 -0.94 -2804.02 1.93 -0.94
-1.55 0.31 -1.33 -2.70 -0.59 0.23 3.27 -3.25 -1.28 -0.12 0.68 -0.07 -2.59 2.01 0.74 1.16 1.08 -0.40 5.27 -0.89 -1.41 -0.63 -2.32 -1.32 -0.52 -0.17 -0.69 -1.86 -7.63 -3.85 -1.24 -1.67 -1.06 1.43 1.44 -0.94 -2788.00 -1.61 -0.74
-0.69 -0.96 -0.08 -2.70 -0.77 0.25 -0.94 -1.37 1.17 -1.51 0.68 -3.99 -0.63 2.01 0.79 1.16 -1.14 0.67 2.34 1.01 -0.32 -0.25 -2.12 -0.20 -0.02 -1.03 -0.69 -1.74 -8.36 -4.02 -1.24 -1.67 -1.06 0.30 1.21 -1.06 -2722.61 2.70 -0.94
0.14 -1.50 -5.55 -1.26 -0.73 -1.98 -3.19 -2.65 0.60 -3.70 0.28 0.97 -1.99 -0.98 -0.40 0.04 1.97 2.62 0.40 -0.18 0.39 -2.18 1.14 1.47 -1.06 0.22 -0.75 -1.80 -2.91 -73.09 0.33 1.29 -1.09 -0.08 -0.18 -2.96 -0.55 -2858.28 -3.29
0.14 -1.50 -5.55 0.23 -1.07 -0.60 -3.05 -2.29 0.60 -3.70 1.47 -0.66 -1.24 0.76 -0.40 -1.39 1.97 -2.30 -0.43 0.28 1.56 -1.94 1.14 2.66 -0.66 0.22 -0.28 -1.07 -1.72 -80.56 0.33 1.29 -1.09 -0.08 -0.18 -3.87 -0.55 -2888.19 -3.29
-2.02 -0.18 -7.98 -1.81 -1.98 -0.93 -1.18 -1.24 -0.99 1.15 -3.84 2.19 -2.71 -1.07 0.12 2.33 1.50 -3.96 -0.43 0.28 -0.68 -1.28 -0.23 2.03 -0.57 0.41 -0.55 -0.84 -0.49 -93.32 1.70 0.38 -0.32 -0.08 0.10 -1.03 0.28 -2841.00 -2.70
-2.02 -2.25 -8.10 -0.79 -1.45 -1.32 -0.27 -3.25 -1.24 -4.37 -3.84 -0.06 0.06 -1.11 0.12 2.33 1.28 3.11 -0.43 0.28 -1.17 -1.28 -0.43 0.99 -2.11 0.41 -0.28 -0.04 -1.61 -90.18 0.32 0.56 -0.32 -0.08 0.10 -3.40 0.28 -2842.37 -3.09
-2.02 -2.25 -8.10 -0.79 -1.02 -0.18 -0.27 -3.25 -1.24 -4.37 -3.84 -0.06 -0.42 -0.74 0.12 2.93 1.28 -0.07 -0.43 0.45 -1.17 -2.37 -0.43 0.99 -1.71 0.41 -2.12 -0.84 -0.44 -92.47 0.32 0.56 -0.32 -0.08 0.10 -3.40 0.28 -2817.04 -3.09
-2.02 -1.59 -7.98 -1.81 -1.43 -1.48 -0.27 -3.25 -0.29 -3.05 -3.84 -0.06 -2.71 -1.07 1.75 2.33 1.50 2.16 -0.43 0.28 -1.59 -1.28 -0.23 0.99 -0.57 0.41 3.72 -0.84 -1.61 -94.25 1.70 1.01 -0.32 -0.08 0.10 -1.03 0.28 -2854.60 -3.29
-2.02 -1.85 -8.10 -0.79 -1.45 -1.32 -0.27 -2.84 -1.24 -3.05 -3.84 -0.06 -0.42 -1.11 0.12 2.33 1.28 2.32 -0.43 0.28 -1.24 -1.28 -0.43 0.99 -2.11 0.41 -0.28 -1.07 -1.61 -92.11 0.32 0.56 -0.32 -0.08 0.10 -1.03 0.28 -2843.03 -1.85
0.14 -1.50 -6.22 -1.26 -4.70 -1.98 -3.19 -2.29 -0.99 -3.70 0.28 1.66 -1.24 -0.98 -0.40 0.04 1.97 2.62 -0.43 -0.18 -2.67 -1.94 1.14 2.66 -1.06 -0.30 -0.75 -1.07 -2.91 -78.69 0.33 1.29 -2.12 -0.08 -0.18 -3.87 -0.55 -2874.17 -3.29
-2.02 -1.30 -7.98 -1.81 -3.62 -1.48 1.17 -3.25 -0.99 -2.47 0.41 -0.06 -2.71 -3.20 0.12 2.33 1.50 2.16 -0.43 1.31 -1.52 -1.94 -0.23 0.99 -0.57 0.41 -0.28 -0.84 -1.61 -93.74 1.70 -1.04 -0.32 -0.08 0.10 -1.03 2.02 -2846.49 -1.37
-1.89 0.61 1.73 -1.12 -0.94 -0.80 -0.68 1.43 1.83 -1.93 -4.22 1.32 0.03 0.80 -1.47 1.01 0.42 -0.47 -1.48 -1.06 -1.69 0.93 0.03 -1.88 -1.43 -2.86 -0.58 -0.14 0.49 -3.15 -12.97 -3.03 -1.48 -0.37 -1.52 -1.34 -2.48 0.11 -2860.13
-1.89 0.61 1.73 -1.12 -0.94 -0.64 -0.68 1.43 1.83 -1.93 -4.22 1.32 0.03 0.80 0.66 1.01 -0.77 -0.47 -1.48 -1.42 -1.69 0.93 0.03 -1.88 -1.43 -2.86 -0.58 -0.14 0.49 -3.15 -12.97 -3.03 -1.48 -0.37 -1.52 1.14 -2.48 -1.65 -2879.44
-2.50 0.61 1.73 -1.12 -0.94 -2.84 -0.68 0.71 -0.58 -1.93 -4.22 -3.52 0.87 0.80 -0.15 1.01 0.42 -0.47 -1.48 -1.41 -1.69 0.93 0.03 -1.88 -1.43 -2.86 -0.58 -0.14 0.60 -3.15 -11.96 -3.03 -1.48 -0.37 -1.52 -1.34 -2.48 -2.51 -2902.58
-2.50 0.61 1.73 -1.12 -0.94 -2.84 -0.68 0.71 -1.19 -1.93 -5.04 -3.52 0.87 0.80 -0.15 1.01 0.42 -0.47 -3.58 -1.41 -1.69 0.93 0.03 -1.88 -1.43 -2.86 -0.58 -0.14 0.60 -3.15 -11.96 -3.03 -1.48 -0.37 -1.52 -1.34 -2.48 -2.51 -2912.88
-1.83 1.79 1.75 -3.78 0.38 -1.89 -1.64 0.76 -0.29 -1.93 -5.04 -3.52 -1.67 1.17 -1.11 -1.55 -1.09 -0.74 -3.58 0.13 -0.82 1.44 5.19 -2.26 -0.91 -1.92 -3.12 2.22 0.16 -2.70 -13.11 -5.38 -2.38 -1.07 1.24 -2.21 -0.55 -3.82 -2939.53
-2.91 1.79 1.75 -3.78 0.38 -2.06 -2.04 0.76 -0.25 -1.93 -5.04 -3.52 -2.70 1.17 -1.11 -1.55 -1.09 -0.74 -3.58 0.13 -0.82 1.44 5.19 -2.52 -0.91 -1.92 -3.12 2.22 0.36 -2.70 -13.11 -5.38 -2.38 -1.07 1.24 -2.21 1.82 -2.84 -2929.32
-2.50 0.61 -0.05 -1.83 -0.94 -2.84 -0.89 0.71 0.83 -1.93 -4.22 -3.52 1.50 1.73 -0.15 1.01 0.42 -0.47 -2.17 -1.41 -1.69 0.93 0.03 -2.26 -1.43 -3.33 -0.58 -0.14 0.60 -3.15 -14.76 -3.03 -1.48 -0.37 -1.52 -1.34 -2.48 -2.51 -2894.37
-2.91 1.79 1.75 -3.78 0.36 -1.89 -2.04 0.76 -0.33 -1.93 -5.04 -3.52 -2.70 1.17 -1.11 -1.55 -2.38 -0.74 -3.58 0.13 2.44 1.44 2.06 -2.52 -0.91 -1.92 -0.95 2.22 -0.52 -3.07 -11.18 -4.57 -2.38 -1.07 2.15 -2.21 -0.72 -2.84 -2927.95
-2.50 0.61 1.73 -1.12 -0.94 -2.84 -0.68 -0.55 -0.58 -1.93 -4.22 -3.52 0.87 0.80 -0.15 1.01 0.42 -0.47 -3.58 -1.41 -1.82 0.93 0.03 -1.88 -1.43 -2.86 -0.58 -0.14 0.60 -3.15 -11.96 -3.03 -1.48 -1.26 -1.52 -1.34 -2.48 -2.51 -2910.01
-1.71 0.95 -1.81 -1.60 -3.97 -0.18 -5.10 -1.67 0.68 -1.54 -0.90 -1.62 0.09 -2.21 -0.57 1.93 -1.21 -16.60 -1526.16 -23.35 -19.97 -16.53 -40.37 -49.51 -14.78 -28.56 -1.97 0.00 -1.09 -2.06 -0.16 -2.38 -5.14 -0.28 2.55 1.84 -1.25 -0.67 -0.55
-1.43 -2.33 -3.53 -1.71 -2.61 -0.62 -0.59 -2.91 -0.47 -0.20 -0.11 -2.13 -1.57 -3.34 -1.34 0.30 -0.58 -22.58 -1399.12 -24.53 -14.63 -20.15 -37.73 -45.88 -25.93 -27.39 -0.40 1.39 -2.08 -1.82 2.88 -1.17 -1.91 -1.37 -0.19 2.42 0.28 -1.71 -2.70
-1.10 -4.63 -0.58 -0.45 -1.69 0.41 -2.87 -1.87 1.08 -0.27 -4.32 -0.45 -2.23 0.58 -3.74 -1.19 -3.59 -1416.82 -19.54 -21.70 -255.81 -86.81 -21.82 -17.70 -125.49 -15.11 -2.76 0.71 -0.78 -2.34 -3.54 -3.10 -3.53 1.46 0.28 1.77 -1.82 -0.22 -3.54
-2.13 1.54 0.14 0.00 -1.30 0.44 0.38 -0.38 -1.13 -2.93 0.44 -3.24 -1.57 0.95 2.75 2.05 -3.88 -17.89 -24.42 -1565.54 -21.32 -19.86 -13.11 -29.67 -16.21 -10.00 0.22 -0.14 -1.28 0.28 -0.64 -1.75 0.41 4.57 0.94 0.70 0.40 -1.64 -2.09
-2.62 -2.29 -0.62 -0.28 -0.84 0.29 1.74 -1.46 -1.37 -1.10 0.50 0.72 -3.84 -1.57 -1.12 1.06 -0.50 -19.39 -16.96 -1649.04 -26.29 -18.43 -21.97 -35.82 -19.20 -18.96 -3.99 -0.33 -1.57 0.66 0.25 1.89 1.09 -0.36 -0.63 -1.68 0.17 0.55 -0.99
-2.93 0.31 -0.76 -2.92 -0.84 0.97 -0.38 -2.44 -1.76 -0.24 -2.13 -0.42 -3.77 -1.57 -2.65 1.32 -0.32 -18.59 -16.96 -1651.02 -30.55 -16.63 -19.28 -25.16 -13.98 -13.27 -5.58 0.55 -1.30 -1.34 -0.97 1.14 0.81 1.26 0.18 -1.83 -1.26 3.25 1.62
-0.75 -1.13 -0.08 0.46 -0.71 -1.26 -1.67 0.35 -1.13 -2.93 1.84 -1.55 -1.57 1.06 -0.03 1.03 -4.08 -17.33 -24.42 -1527.71 -16.41 -21.50 -13.95 -32.52 -23.04 -23.43 -1.29 -6.10 0.90 -2.19 -1.68 0.36 2.21 -2.70 -0.46 -0.29 -2.26 -1.36 -0.08
-0.28 -2.81 0.19 -3.79 -0.84 0.61 -0.38 -0.31 -1.38 -1.12 -1.38 2.57 -3.27 -1.57 -2.15 1.32 -0.32 -19.84 -17.00 -1575.56 -34.98 -12.44 -18.54 -28.50 -6.20 -16.48 -3.19 0.55 -0.27 -0.08 -0.47 1.87 0.81 -6.78 -0.46 -0.72 -1.10 3.25 -1.44
-2.13 -2.17 -3.74 -0.67 -0.91 0.37 -0.38 -0.31 -1.17 -1.10 1.03 -1.25 -2.03 -1.57 0.34 2.38 -0.32 -16.51 -18.03 -1613.21 -38.70 -18.09 -18.13 -31.05 -13.20 -19.61 -3.68 0.77 -0.27 -0.32 -0.94 0.87 0.81 -5.49 -1.58 -0.72 -2.35 3.25 -1.16
-3.05 -1.14 0.34 -0.28 -0.71 -1.51 0.04 -1.46 -0.99 -0.90 -2.09 0.37 -2.85 0.85 -1.12 2.13 -5.18 -21.43 -16.96 -1629.38 -30.80 -18.58 -21.05 -33.49 -19.37 -19.27 -1.69 -1.05 -0.20 -1.43 0.25 2.85 0.81 -3.98 -3.20 1.01 -1.76 3.25 -0.99
-3.34 -1.85 0.61 0.02 -0.25 -0.65 0.16 0.46 -1.13 -0.92 0.09 -1.72 -1.57 1.04 0.59 0.72 1.24 -23.46 -24.42 -1597.59 -23.73 -21.50 -17.44 -26.38 -19.02 -10.00 0.22 -0.11 -1.66 0.28 -0.11 -0.86 0.41 0.11 1.52 -0.26 -0.07 -0.67 -2.26
-3.71 -1.33 0.28 -0.28 -0.97 -0.66 -2.07 1.20 -0.88 -3.34 0.73 -1.12 -1.02 0.15 0.27 1.70 -1.30 -21.67 -12.36 -1468.83 -21.43 -13.28 -15.56 -31.05 -15.74 -26.12 -0.31 -0.14 1.96 0.28 0.25 -0.68 0.42 0.82 0.94 0.34 -0.56 -0.90 -1.38
-1.86 -3.36 -0.10 0.69 0.15 1.41 1.98 0.14 -0.44 -1.04 -1.92 -1.38 -0.45 -1.52 -0.36 0.46 0.90 -178.03 -9.26 -23.35 -1679.56 -102.52 -5.14 -7.67 -97.49 -15.58 -2.49 1.89 0.10 1.14 0.43 -1.67 0.70 -3.59 -0.34 -2.16 -2.05 -1.35 -3.01
0.24 -3.36 0.12 -1.36 0.39 1.08 1.98 1.03 -2.67 -1.43 -1.14 -2.55 -1.74 -1.66 -0.36 0.65 0.92 -185.67 -8.89 -25.67 -1664.76 -104.14 -8.16 -10.00 -98.62 -13.68 -1.45 0.72 0.10 1.14 0.93 -1.67 0.70 -0.55 -1.41 -2.16 -3.68 -1.81 -3.01
0.24 -3.36 0.12 -1.36 0.39 1.08 1.98 1.03 -2.67 -1.43 -1.14 -2.55 -1.74 -1.34 -0.36 0.65 0.92 -190.90 -9.26 -25.67 -1660.51 -104.16 -9.31 -10.00 -98.95 -13.68 -1.45 0.72 0.10 1.14 0.93 -1.67 0.70 -0.55 -1.41 -2.16 -3.68 -1.81 -3.01
-1.23 -0.23 0.12 0.69 0.15 1.41 3.15 -1.46 -0.44 -1.04 -1.92 -1.38 -0.45 -1.52 -0.78 0.46 0.74 -178.21 -9.26 -23.67 -1667.47 -98.41 -9.83 -14.90 -99.79 -13.93 -2.49 1.89 1.36 1.14 0.93 -1.67 0.70 -3.59 -0.90 -2.16 -2.05 -1.23 -3.01
-1.64 -1.24 4.43 -2.63 -0.74 0.78 -1.21 -1.20 -2.68 -1.43 -2.78 -2.08 -0.31 -4.37 -2.20 -1.20 -0.41 -178.89 -7.77 -29.14 -1648.07 -100.22 -9.06 -14.51 -103.90 -12.55 -1.00 -0.08 1.65 -2.18 -3.22 -0.65 0.18 -4.05 -1.23 -2.48 -1.22 -1.55 -3.13
-1.64 -4.03 0.33 -0.55 -0.86 0.78 -1.21 -1.01 -2.68 -1.43 -2.78 -2.96 -3.83 -4.21 -3.56 -1.20 -0.41 -193.61 -7.77 -23.74 -1631.24 -99.05 -10.77 -16.29 -101.48 -18.02 -1.43 0.58 1.65 -1.70 -2.18 -0.65 -0.47 -4.40 -0.83 0.88 1.76 -0.89 -3.01
1.62 -0.57 -1.47 -1.86 -0.37 0.74 -0.47 0.94 -0.42 1.42 -1.82 -1.74 -2.76 -0.52 -0.47 -0.70 0.30 -171.93 -6.70 -24.79 -1503.62 -97.61 -11.34 -19.25 -86.01 -14.10 0.89 0.71 -4.17 0.56 0.00 0.49 0.07 -0.14 -0.70 0.92 -0.31 -1.16 -2.87
-1.22 -0.57 0.89 -1.60 -0.03 -1.69 -1.47 0.85 0.49 2.53 1.06 -0.83 -2.75 -0.35 -0.96 -0.63 0.38 -194.73 -11.62 -27.14 -1495.49 -110.57 -11.02 -13.89 -107.61 -14.86 -1.70 1.34 0.23 -0.08 -0.85 0.07 -0.98 -1.56 1.38 2.28 0.59 -3.09 -3.70
-1.22 -2.24 -1.69 -1.60 -0.20 -1.69 -0.43 0.85 1.86 -0.07 -0.57 -0.34 -3.44 -0.35 -0.28 -3.00 -0.10 -199.82 -8.50 -27.68 -1467.16 -112.51 -12.93 -15.88 -113.15 -14.62 -1.70 1.90 0.23 -1.30 -0.60 0.07 0.52 1.03 -0.57 1.78 1.29 -1.63 -3.70
-1.15 0.39 -2.82 -1.03 -1.32 -1.41 0.55 -0.34 -4.18 0.53 -3.07 -2.71 -2.96 0.07 -2.75 -1.27 0.29 -72.87 -20.64 -23.21 -86.90 -1591.58 -13.56 -11.00 -336.37 -2.60 -3.06 -2.04 2.46 -2.99 -1.10 -1.98 0.07 -2.37 1.55 -2.61 -0.94 -3.44 -0.39
-1.03 -0.35 -0.38 -0.82 -1.17 -2.14 -0.79 0.30 -3.67 2.77 -1.70 -2.67 2.00 -0.64 -4.61 -0.81 -0.12 -61.89 -23.37 -20.60 -94.18 -1627.89 -11.93 -9.11 -314.92 -4.88 -2.79 -2.31 -3.12 -4.58 -2.81 0.56 1.57 -0.93 -0.08 -2.08 -0.67 -2.93 -0.77
-1.30 -1.68 -4.81 -2.58 -0.01 -2.34 0.55 -2.52 -3.11 1.29 -2.10 -1.79 1.96 -1.95 -4.70 -0.81 -0.63 -56.06 -20.64 -23.21 -95.47 -1624.64 -10.83 -10.73 -314.72 -5.96 -2.79 -0.97 -3.19 -2.99 -2.81 -1.33 -0.99 -4.09 -1.69 -2.48 -1.49 -2.65 -0.77
-1.03 -0.35 -1.79 -0.82 0.33 -1.04 -0.79 -0.87 -3.67 2.77 -1.70 -2.67 2.31 -0.64 -4.61 -0.81 -0.12 -63.69 -23.37 -20.60 -93.42 -1622.07 -11.93 -9.11 -319.53 -4.88 -2.79 -2.31 -3.12 -4.58 -2.81 0.56 1.57 -0.93 -0.08 -2.08 -0.67 -2.93 -0.77
-1.03 -0.35 -1.79 -0.82 0.33 -1.04 -0.79 -0.87 -3.67 2.77 -1.70 -2.67 2.31 -0.64 -4.61 -0.81 -0.12 -63.69 -23.37 -20.60 -93.42 -1622.07 -11.93 -9.11 -319.53 -4.88 -2.79 -2.31 -3.12 -4.58 -2.81 0.56 1.57 -0.93 -0.08 -2.08 -0.67 -2.93 -0.77
-4.73 -0.35 -5.85 0.42 -0.07 -2.21 0.87 -1.05 -3.48 1.29 -0.97 -0.92 -1.01 -0.22 -4.70 -0.81 0.82 -56.14 -3.69 -19.42 -76.67 -1593.67 -12.99 -9.90 -335.14 -4.52 -3.06 -2.34 -0.98 -2.98 -1.59 0.66 0.06 -6.03 -1.90 -0.40 -1.74 -2.92 1.52
-2.01 -2.24 -4.81 -1.21 -1.17 0.39 0.61 -1.12 -4.15 1.29 0.23 -2.61 -0.55 -1.05 -3.98 1.12 -1.17 -58.06 -6.16 -17.20 -88.78 -1586.83 -10.67 -7.41 -338.57 -5.22 -2.89 -2.24 -1.96 -2.98 -2.88 0.90 5.17 -9.18 -0.47 -4.42 -2.17 -2.61 1.52
-4.72 -0.35 -5.86 0.42 -0.07 -2.21 0.86 -2.09 -3.48 1.29 -0.97 -0.91 -1.01 -0.22 -4.71 -0.81 0.82 -56.14 -3.08 -19.41 -76.67 -1568.33 -14.47 -9.89 -316.73 -4.53 -1.04 -2.33 -3.04 -2.99 2.08 0.67 -0.74 -6.04 -1.90 -0.40 -0.50 -2.93 1.51
1.96 -5.79 -1.27 -0.49 0.30 0.87 0.17 -0.33 -1.33 0.43 -0.86 -0.25 1.13 -3.27 -2.73 -4.32 -3.20 -73.61 -20.87 -19.42 -97.98 -1487.19 -19.11 -14.83 -302.46 -9.02 0.26 -2.12 -0.05 -3.17 -2.23 -1.30 0.68 -10.22 0.59 3.44 0.29 -2.59 -2.97
-6.04 -1.08 -0.89 0.00 -0.80 0.85 -1.58 0.20 1.31 -2.16 -0.39 -1.04 -1.50 -1.21 -1.61 -2.05 -3.52 -11.65 -19.75 -20.08 -11.46 -23.52 -1643.34 -172.92 -18.33 -223.36 2.60 -4.71 -4.54 -7.97 0.35 -0.55 1.56 -4.90 0.00 -0.26 -1.84 2.76 0.93
-6.04 0.25 -0.29 0.00 -0.80 0.85 -0.57 1.35 2.03 -2.16 -0.39 -1.04 -1.50 -1.78 -1.45 -2.05 -4.10 -11.65 -24.61 -18.88 -10.62 -24.80 -1634.78 -183.08 -18.33 -236.36 2.60 0.11 -3.01 -7.93 0.35 -0.55 1.41 -3.99 0.00 0.25 -1.84 -1.22 0.98
-6.04 -0.07 -1.60 0.00 -0.80 0.85 -3.87 0.20 0.38 -2.16 -3.78 -1.04 -1.50 -1.21 -1.61 -2.05 -3.52 -11.65 -19.12 -20.08 -10.62 -23.86 -1635.61 -165.66 -18.33 -228.48 2.60 -4.71 -2.86 -8.14 0.35 -0.55 1.50 -4.90 -0.17 -0.26 -2.02 2.76 1.32
-2.73 -1.08 -0.89 0.00 -0.80 0.85 -1.58 0.20 1.31 -2.16 -0.39 -1.04 -1.50 -1.85 -1.61 -2.05 -3.52 -11.65 -19.75 -20.08 -10.62 -23.86 -1629.52 -167.51 -18.33 -218.70 2.60 -4.49 -4.54 -6.83 0.35 -0.55 1.56 -2.83 0.00 -0.08 -1.84 2.76 1.32
-4.62 -1.08 -0.89 -1.61 -0.74 -1.31 -2.76 -0.52 1.31 -2.53 -0.39 -1.04 -1.50 -1.21 -1.61 -1.14 -2.57 -11.79 -23.08 -18.96 -10.14 -24.96 -1616.88 -173.09 -18.33 -226.70 2.60 -4.71 -2.49 -7.00 0.35 -0.59 1.56 -3.99 0.87 -0.26 -0.85 -3.22 1.32
-1.59 1.26 1.44 0.25 -2.19 3.29 0.88 -0.83 4.54 -2.11 -3.78 -1.42 -1.50 -3.39 0.94 1.54 -3.52 -12.04 -22.77 -20.76 -11.55 -21.92 -1606.48 -151.02 -14.96 -231.39 3.18 -2.12 -2.53 -3.33 1.38 0.13 -0.67 -4.13 -1.37 -1.01 -1.21 0.81 0.93
-1.16 0.25 -0.89 -0.36 -0.36 -0.74 -2.45 0.22 1.31 -2.16 -0.39 -3.35 -1.50 -1.15 0.78 -2.14 -3.52 -11.33 -20.15 -18.80 -12.44 -21.01 -1592.25 -173.12 -15.60 -232.74 2.60 -4.71 -4.54 -6.52 2.52 -1.82 2.31 -8.11 0.00 1.33 -2.85 2.25 0.07
-2.34 -1.12 -4.49 -3.81 -2.04 0.61 2.22 -1.06 0.20 -0.97 -0.64 -1.04 -0.10 -0.57 -0.53 0.04 -1.81 -15.32 -19.98 -21.03 -13.74 -17.16 -1457.12 -184.66 -17.85 -280.21 -0.47 -4.49 -4.39 -1.33 2.25 -2.08 -3.29 -3.77 -0.32 3.12 -0.18 2.98 -0.90
-2.87 0.46 -3.20 -2.45 -2.58 -1.22 -0.24 -2.77 0.96 -3.06 0.06 -1.26 -1.76 -0.90 -1.97 -1.27 -2.27 -17.96 -23.91 -19.39 -9.76 -15.15 -1492.34 -156.78 -13.60 -225.56 -4.45 -3.59 -0.40 0.46 0.64 0.38 0.39 -1.24 1.62 1.34 -2.24 0.33 -3.56
2.91 0.01 1.48 -3.84 -3.21 -1.33 -1.88 -1.43 -3.31 -1.74 -1.28 1.03 0.93 -2.61 3.47 1.92 -2.04 -19.42 -18.31 -15.18 -9.13 -9.78 -52.50 -1503.70 -8.24 -47.71 -1.46 0.87 -2.13 0.43 2.00 0.25 -1.54 -3.39 1.27 -1.35 -2.02 3.02 -2.90
2.91 -0.75 -0.13 -4.43 -1.52 0.17 1.19 0.35 -0.40 -1.29 0.51 1.87 0.58 -0.44 0.56 1.38 -2.04 -19.69 -20.92 -6.93 -11.54 -11.63 -66.52 -1522.29 -6.81 -43.15 -1.46 0.87 -1.66 0.43 4.12 1.41 -1.54 -2.69 1.56 -0.41 -0.66 0.54 2.58
-0.05 1.22 -0.77 -4.34 -0.37 -0.53 2.42 -1.02 0.56 -2.76 -3.17 0.65 -2.00 -2.06 -2.11 0.30 -1.49 -14.56 -22.69 -32.77 -11.64 -20.75 -82.32 -1592.94 -22.65 -53.16 -0.28 1.57 0.23 3.34 -0.04 -0.65 -2.29 -1.42 -0.71 -0.29 -1.68 0.24 -3.41
2.13 -0.67 0.77 -0.06 -2.84 -0.50 0.55 -0.35 1.47 -0.54 1.42 2.11 0.93 -0.44 1.43 1.75 -2.04 -23.76 -22.68 -9.26 -10.61 -14.87 -61.19 -1439.01 -5.79 -42.02 -1.17 0.32 -1.17 -1.13 0.27 1.41 -1.07 -2.69 2.57 0.88 0.78 -3.16 2.58
-1.47 1.23 -0.78 -4.33 0.45 -0.81 2.42 -1.02 -3.91 -2.83 -3.17 0.65 -2.00 -1.99 -1.04 0.31 -1.49 -14.55 -22.69 -32.96 -11.64 -26.41 -82.51 -1553.47 -26.38 -44.34 -0.27 1.89 0.23 3.34 0.94 -0.64 -2.30 -0.90 -1.37 -0.30 -0.03 0.24 -3.41
-3.92 0.01 -0.25 -0.29 -2.29 0.73 1.60 -2.65 0.32 -2.08 -1.39 0.65 -2.29 -0.38 -1.62 -0.47 0.58 -15.78 -27.36 -29.55 -18.91 -21.57 -76.54 -1465.82 -14.70 -68.04 0.31 1.32 -1.80 -0.01 0.32 -1.13 -0.82 3.50 -1.44 -0.29 0.82 -2.96 -0.11
0.91 0.33 -1.34 -0.35 0.59 1.26 2.41 -1.03 -3.91 0.51 -3.16 0.65 -0.11 -2.06 -2.11 0.30 -1.38 -15.34 -22.01 -32.19 -17.00 -23.06 -88.96 -1526.78 -23.59 -50.77 -0.99 0.27 0.11 2.50 -0.83 -2.81 -0.49 -1.42 -2.12 -0.30 -1.42 0.25 -0.91
-0.05 0.77 -0.77 -4.34 0.45 -1.32 2.42 -1.02 -2.78 -2.83 -3.17 0.65 -2.00 -2.06 -1.04 0.76 -1.49 -14.56 -22.02 -33.21 -12.82 -28.22 -75.57 -1582.02 -28.75 -40.03 0.71 1.89 -1.68 3.34 0.33 -0.65 -1.89 -0.25 2.27 -0.29 -2.02 0.24 -3.41
2.13 -0.49 0.77 -2.72 -1.88 -1.09 0.42 -0.97 -0.55 -1.49 -0.36 -0.70 -1.49 -1.14 3.92 1.85 -2.04 -16.40 -18.31 -13.09 -11.47 -8.16 -67.12 -1534.60 -9.67 -51.20 1.48 0.32 -2.13 0.43 2.00 0.45 -1.54 -3.52 1.27 -0.41 0.85 3.02 1.18
-3.46 -1.47 -0.09 -0.46 -1.98 0.41 -2.88 -4.29 -1.90 -0.26 -3.82 -0.45 -2.22 0.57 -3.83 -2.35 -3.59 -1475.37 -19.54 -21.71 -286.00 -89.24 -21.81 -17.71 -126.62 -15.11 -2.77 0.70 -0.77 -1.01 -3.53 -3.10 -3.53 1.46 -0.98 1.77 -1.82 -0.23 -3.54
-1.47 0.77 -1.01 -0.34 -1.76 2.03 0.87 4.22 -2.18 -3.96 -1.91 0.98 -1.92 -0.96 -1.64 -1.97 -3.01 -97.76 -20.61 -11.90 -95.68 -337.99 -13.98 -11.97 -1387.32 -9.53 -1.53 1.86 -1.51 -1.80 -1.49 0.22 -1.59 -1.59 -1.55 -3.28 -0.88 -1.38 -1.45
0.02 -3.88 -0.35 -2.28 -2.32 -1.43 -1.24 -2.02 -1.06 -1.07 -1.71 0.51 -1.61 -2.73 -1.21 1.95 -1.50 -79.06 -16.01 -32.10 -87.53 -369.04 -16.08 -19.03 -1630.04 -15.19 -0.18 -1.50 1.57 0.66 -0.23 -2.58 0.12 -3.38 -1.23 -2.58 -0.94 0.17 0.14
-0.14 -3.88 -0.22 -0.99 -2.02 -2.49 -1.18 -1.47 0.18 -1.30 -1.82 0.24 -0.15 -7.94 -0.98 1.31 0.53 -83.23 -16.62 -29.66 -92.08 -362.13 -11.96 -18.61 -1645.13 -17.60 -0.59 -1.54 -3.17 -0.33 -0.23 -2.23 -0.58 -5.04 -0.33 -1.37 -1.88 -1.21 0.81
-1.00 -3.99 -1.20 1.12 -2.02 -3.78 -1.18 -1.41 2.17 -1.30 -3.98 0.51 0.47 -3.61 -1.87 1.71 -0.55 -80.86 -15.72 -32.34 -91.09 -374.21 -13.47 -18.18 -1663.42 -19.02 -2.55 0.01 -2.07 -1.54 -1.78 -2.23 -0.58 -8.21 0.08 0.45 0.03 -1.50 -0.31
0.02 -3.88 -0.22 -2.28 -2.32 -1.43 -1.98 -2.33 -0.32 -1.07 -1.63 -1.67 -1.61 -3.77 -1.21 -0.22 -1.50 -72.69 -16.45 -29.58 -87.26 -372.78 -15.08 -18.21 -1633.83 -11.66 -2.07 1.11 1.57 -0.35 -0.92 -2.58 -1.87 -5.04 -2.00 -2.58 0.12 -1.45 -1.27
-0.87 -4.92 -0.70 -3.76 -4.23 -4.11 -2.00 -2.57 -0.73 -1.30 -2.76 -0.91 0.50 -3.33 -0.74 -0.67 -0.96 -86.44 -18.35 -26.92 -92.99 -350.88 -11.72 -20.31 -1633.72 -15.76 -3.15 -1.48 -2.14 0.94 -0.22 -2.23 -0.58 -3.38 -0.12 0.49 -1.88 -2.06 -2.24
-2.40 -1.94 0.09 1.12 -3.44 -1.13 -2.68 -1.47 -1.90 -0.10 3.59 -3.20 0.43 -3.77 -1.54 3.66 -0.55 -80.25 -15.25 -29.17 -91.89 -376.67 -12.67 -16.99 -1619.71 -22.57 -2.55 -1.54 -0.94 -2.44 0.29 -2.23 -0.10 -4.07 -0.33 -1.00 -1.05 -1.50 0.81
-2.40 -1.94 0.09 -0.99 -3.44 -1.13 -2.68 -1.47 -1.90 -0.10 3.59 -3.20 0.43 -3.77 -0.76 3.66 -0.55 -77.63 -15.25 -29.17 -89.66 -371.42 -12.67 -16.99 -1614.61 -22.51 -2.55 -1.54 -0.94 -2.44 0.29 -2.23 -0.10 -4.07 -0.47 -1.00 -1.05 -1.50 0.81
-2.58 2.38 0.73 -3.00 -0.50 -6.19 -1.83 1.55 -1.02 -1.49 1.25 0.56 0.38 -3.33 -0.60 2.05 -1.73 -74.28 -20.58 -17.56 -77.78 -379.41 -17.37 -20.77 -1397.29 -11.59 -2.21 1.46 -1.52 0.94 -1.63 -2.47 -7.01 -4.51 -0.45 -1.18 1.67 1.41 -2.50
-1.18 0.06 0.01 -1.15 -0.38 -0.66 -2.67 0.14 0.09 -2.67 -1.55 -0.83 -2.21 -6.50 -1.00 1.26 1.45 -18.90 -29.08 -21.58 -12.70 -5.92 -235.26 -135.52 -18.58 -1669.99 0.61 -0.51 -0.96 -2.18 -0.71 -4.96 0.59 1.91 -0.82 -1.33 -1.35 0.16 -2.48
0.33 1.80 0.00 -1.00 0.35 0.17 -2.37 0.59 0.88 -0.65 -2.26 -3.83 -2.40 -0.33 0.90 -1.17 -1.31 -18.77 -19.51 -13.34 -15.58 -10.02 -235.92 -147.78 -14.10 -1672.86 -1.36 -0.86 -1.14 2.58 -1.23 0.73 0.34 -6.47 0.58 -2.42 -0.81 1.12 -0.06
-0.12 -2.11 -0.56 -2.76 -2.24 0.16 -1.40 -4.69 -0.95 -2.28 -0.46 -0.84 -2.08 -2.10 -0.44 0.17 -1.64 -15.37 -21.32 -26.70 -15.91 -3.54 -235.84 -121.08 -8.29 -1670.67 -2.36 0.38 -1.01 -1.32 0.00 -1.48 0.59 -1.77 0.22 -3.22 -0.21 0.19 -3.19
-1.18 0.06 0.01 -1.15 -0.38 -0.77 -2.67 1.32 0.09 -2.67 -1.55 -0.83 -4.45 -5.77 -1.00 1.74 1.45 -18.90 -18.22 -21.58 -12.70 -5.92 -238.98 -136.09 -18.58 -1670.51 0.61 -0.51 -0.96 -2.18 -0.71 -4.96 0.59 1.91 -0.82 -1.33 -1.23 0.16 -1.66
0.20 -0.39 0.08 -1.82 -1.23 -0.22 -2.82 -0.89 0.88 -0.86 -0.74 -3.83 -0.50 -0.26 0.99 -1.18 -1.44 -19.26 -19.13 -12.66 -15.58 -6.99 -251.19 -131.29 -10.93 -1609.25 -1.36 0.78 -1.13 -2.11 -0.27 -0.51 0.39 -2.57 0.58 -2.42 -1.25 1.02 -0.78
0.05 0.61 -1.97 2.58 2.40 -0.40 2.58 1.16 -0.14 -0.76 -0.66 -1.99 -2.90 -5.75 3.24 -1.58 -2.70 -15.30 -25.50 -27.35 -12.47 -5.92 -240.53 -123.05 -13.07 -1669.12 -0.34 0.37 -1.01 -2.17 0.00 -4.97 0.59 1.92 0.04 -1.74 -3.18 0.68 0.28
-2.24 1.57 -1.64 -3.54 -1.72 -0.25 -2.53 -1.20 0.88 -3.27 -2.03 -3.83 -2.57 0.79 -2.10 -0.35 1.44 -12.46 -29.93 -21.07 -15.15 -7.31 -239.75 -123.65 -10.72 -1650.05 -2.36 -0.86 0.51 -0.95 -0.51 -0.53 -0.59 -4.89 0.58 0.84 0.08 1.12 0.33
-0.29 1.83 0.42 -1.54 0.38 0.28 -0.42 -1.45 0.58 -1.75 -0.26 -1.94 -1.20 0.56 0.54 1.59 -1.58 -20.46 -25.61 -15.60 -12.46 -4.70 -264.45 -125.82 -5.47 -1651.51 -1.26 -0.86 -1.62 1.66 -0.97 -0.21 -0.48 -5.86 1.74 -0.93 -2.92 -1.53 -1.84
-1.18 0.70 0.01 -1.15 -0.38 -0.77 -2.67 1.32 0.09 -2.67 -1.55 -0.83 -4.45 -6.50 -1.00 1.74 1.45 -18.90 -28.35 -18.62 -12.70 -6.18 -241.36 -144.80 -19.16 -1668.73 0.61 -0.51 -0.96 -2.18 -0.71 -4.96 0.59 1.91 -0.82 -1.33 -1.23 0.16 -1.66
-2055.82 -39.77 -67.23 -101.90 -161.39 -118.51 -122.91 -183.47 -266.30 -34.61 -26.37 -260.25 -260.96 -36.69 -115.96 -39.00 0.18 -1.09 -1.59 -2.68 -0.49 -4.09 -5.31 -0.40 4.99 -1.00 -2.19 -0.90 -0.27 -2.08 0.35 -5.47 -0.60 -0.05 -0.09 -0.24 -0.31 -1.14 0.99
-2041.84 -39.74 -58.83 -104.88 -155.04 -116.94 -122.80 -172.73 -261.23 -32.26 -31.93 -255.97 -263.17 -33.74 -107.78 -37.24 0.18 -0.39 -0.37 -0.61 -0.05 -2.89 -5.31 1.07 3.84 -1.00 -2.19 -0.90 -1.23 -2.08 0.35 -9.96 -2.00 0.25 -0.09 -0.23 -3.38 -1.14 0.99
-2069.05 -39.43 -62.61 -102.89 -157.91 -118.70 -119.09 -180.84 -267.57 -34.61 -26.37 -262.58 -263.36 -36.69 -116.41 -33.88 0.18 -0.56 -0.37 -0.61 -0.49 -4.09 -5.31 1.07 4.99 -1.00 -1.92 -0.90 -1.23 -2.08 0.35 -6.66 -2.00 -1.71 -0.09 -0.23 -0.31 -1.14 0.99
-1526.51 -32.56 -92.49 -112.66 -151.35 -113.98 -115.44 -166.68 -439.01 -30.75 -30.83 -347.24 -309.08 -40.33 -81.96 -28.45 -1.31 0.45 0.41 -0.02 -1.66 1.02 -0.99 -0.32 0.67 0.78 -3.49 -1.74 0.81 -1.70 8.77 -8.28 -2.60 0.04 1.27 -2.68 0.33 0.25 -4.99
-1923.88 -29.12 -59.37 -87.94 -150.34 -118.39 -97.55 -148.79 -307.35 -32.30 -27.33 -282.01 -242.90 -24.22 -98.07 -33.91 0.47 -2.40 -0.09 -0.52 1.05 0.62 0.17 -0.24 -0.42 4.28 -1.97 -2.38 -0.48 -2.67 0.89 -7.02 -2.00 1.95 0.43 -0.24 -2.33 -0.91 -1.01
-1942.70 -27.95 -59.54 -97.55 -155.25 -119.73 -103.88 -158.86 -312.50 -32.92 -31.07 -281.22 -250.94 -25.41 -96.85 -36.58 0.47 -2.40 -0.09 -0.52 1.05 0.62 0.17 -0.24 -0.42 4.28 -1.97 -2.39 -0.58 -2.68 0.89 -8.32 -2.00 1.95 0.44 -0.13 -2.33 -0.91 1.25
-2035.45 -34.29 -53.83 -101.31 -155.46 -108.30 -116.34 -165.95 -259.64 -31.58 -23.30 -241.62 -257.41 -33.21 -111.74 -38.31 0.18 -0.57 -0.77 -0.61 -0.48 -2.62 -0.87 1.25 3.84 -0.07 -2.19 -0.87 -0.73 0.60 -0.27 -11.66 -2.00 0.42 -0.08 -0.23 -0.31 1.84 0.99
-1714.71 -33.04 -88.30 -97.24 -138.19 -112.63 -83.50 -176.96 -340.57 -21.71 -24.76 -283.11 -260.23 -32.58 -124.96 -21.93 -1.07 -2.09 -0.40 -2.13 2.68 0.13 -1.01 -2.27 -3.20 -1.23 0.40 -1.01 1.04 -2.13 1.60 -9.06 -4.60 -0.06 -1.03 -0.30 3.97 -0.82 -2.71
-1468.97 -30.72 -31.33 -60.97 -82.71 -63.35 -71.81 -102.49 -140.58 -31.27 -14.89 -83.64 -143.91 -27.31 -73.92 -32.53 0.18 -0.61 0.15 0.87 -0.06 -4.09 -5.31 1.06 4.99 -1.00 -0.34 -0.62 0.77 -3.00 0.05 -7.16 0.22 0.26 -0.26 -1.40 -0.30 0.67 0.99
-40.04 -2027.78 -52.98 -50.65 -55.23 -233.05 -409.19 -88.53 -52.47 -121.87 -99.29 -48.31 -50.33 -397.58 -13.69 -35.58 -2.00 -0.95 -0.63 -1.30 -2.91 -1.89 -2.76 -0.94 1.80 -5.26 -1.31 -3.20 -1.31 -1.29 -3.60 -3.55 -2.02 -0.48 0.52 0.51 1.72 -2.67 3.84
-40.04 -2037.41 -49.09 -52.14 -55.87 -234.69 -423.79 -91.79 -53.10 -123.98 -104.14 -45.38 -51.22 -413.00 -17.79 -29.22 -1.95 -1.07 0.52 -1.60 -2.91 0.48 -2.12 0.50 1.80 -0.39 -2.63 -3.20 -1.31 -1.63 -3.60 -3.08 -1.65 -0.48 -0.05 0.97 0.70 -2.67 0.47
-41.85 -2040.20 -49.99 -53.75 -65.30 -250.74 -440.24 -96.80 -51.33 -125.58 -107.74 -48.04 -53.72 -417.02 -17.79 -30.84 -0.42 -1.81 -0.93 -1.64 -2.72 -1.03 -2.95 0.46 1.80 -1.14 -1.74 -3.89 -1.31 -1.29 -3.60 -3.08 -1.21 -0.48 -0.05 0.51 0.70 -2.20 0.47
-38.12 -2043.15 -43.98 -52.00 -53.29 -241.32 -427.20 -89.47 -50.90 -118.92 -97.63 -56.36 -55.42 -414.16 -16.92 -31.89 -2.67 -2.42 0.52 -3.48 -2.91 -3.32 -2.12 0.57 -1.90 -0.22 -2.63 -3.20 -1.31 -1.29 -3.60 -6.82 -2.02 0.12 0.52 0.51 1.60 -2.67 -1.48
-38.46 -2035.29 -40.07 -51.78 -52.70 -249.80 -424.25 -91.08 -47.95 -119.29 -95.43 -56.67 -55.04 -414.20 -18.39 -31.89 -2.00 -1.81 0.52 -3.82 -2.91 -3.32 -2.12 1.12 -1.03 1.42 -2.63 -1.61 1.79 -1.55 -4.72 -6.82 -2.02 0.12 -0.05 0.51 1.72 -2.67 -1.48
-40.14 -1989.20 -52.64 -52.51 -62.52 -247.77 -450.09 -93.16 -52.47 -118.04 -103.72 -49.07 -52.13 -417.42 -17.79 -31.44 -2.00 -0.95 -0.93 -1.57 -2.91 -1.43 -1.28 0.46 0.01 0.45 -2.63 -4.11 -1.31 -0.58 -3.60 -1.84 0.71 -0.48 0.74 0.51 0.70 -2.77 3.56
-34.24 -1798.69 -40.16 -45.48 -51.62 -221.42 -419.97 -78.19 -46.30 -118.47 -98.23 -42.89 -52.39 -421.59 -18.37 -26.00 -0.34 -3.76 -1.81 1.57 -1.14 0.24 -0.41 -0.35 -1.68 1.23 -1.92 -1.12 1.37 -0.42 -2.75 -3.30 0.29 -1.50 -2.01 1.63 -2.05 0.02 -2.46
-25.76 -1682.95 -20.81 -42.48 -45.28 -185.72 -375.93 -45.06 -32.95 -133.26 -109.18 -39.60 -33.86 -382.09 -16.77 -26.45 -0.05 -2.79 3.55 -2.64 -0.96 -0.60 -2.45 -6.06 -5.76 1.49 0.67 3.67 -0.31 -1.31 -0.59 -2.38 -0.21 -0.07 0.98 -1.13 -1.17 -3.16 -0.79
-20.95 -1724.77 -26.42 -47.14 -44.11 -194.79 -399.68 -56.05 -36.25 -140.03 -101.80 -44.19 -29.11 -378.03 -14.47 -16.91 -0.89 -3.05 -0.93 -2.24 0.62 0.14 -2.46 -3.61 -1.57 -1.10 1.34 2.34 0.29 -1.59 -0.70 -3.66 0.37 -2.91 -0.73 -0.01 -0.26 0.06 -1.13
-56.09 -34.18 -1655.28 -159.63 -346.72 -147.91 -101.15 -397.94 -149.85 -23.80 -66.80 -59.01 -91.63 -33.80 -142.42 -75.54 0.69 -2.55 -1.36 -1.18 0.75 0.94 -1.58 0.19 1.72 1.03 -0.81 -0.85 0.05 -2.85 -1.88 -11.73 -1.17 -0.30 -2.83 0.74 0.48 -0.67 0.23
-76.45 -44.31 -2021.00 -170.48 -409.34 -128.21 -102.42 -384.28 -137.10 -27.25 -84.76 -70.28 -105.52 -50.21 -134.43 -91.03 -2.45 -0.68 -1.50 -0.84 -1.17 -2.21 0.67 0.29 -2.65 -0.64 -1.43 -4.57 -0.67 0.04 -6.99 -6.13 -3.01 -3.23 1.37 -0.14 0.34 -2.62 4.04
-74.82 -45.06 -2005.74 -169.01 -402.65 -136.91 -98.62 -392.04 -129.27 -24.64 -78.60 -63.33 -96.55 -51.99 -122.34 -86.18 0.64 -0.67 -0.84 -1.60 -1.05 -2.22 0.67 -0.45 -1.65 -0.22 -1.43 -4.57 -0.67 0.03 -6.99 -6.00 -3.02 -1.74 1.83 -0.33 0.34 -2.29 4.09
-59.56 -36.60 -1807.16 -148.23 -362.51 -133.60 -101.02 -400.09 -133.64 -17.56 -71.83 -58.74 -80.82 -27.58 -130.97 -80.35 -0.60 -0.96 -0.94 -0.27 -0.20 -3.10 2.38 -1.17 2.57 -0.48 -1.48 -2.10 -2.31 -1.77 -5.35 -1.35 -0.98 1.54 -2.03 -0.58 -1.61 -5.44 -0.13
-60.55 -49.28 -1881.19 -171.18 -370.93 -133.59 -91.24 -374.21 -125.43 -26.46 -75.18 -61.13 -87.04 -43.23 -120.64 -77.94 -0.37 0.56 -0.08 2.33 -1.05 -0.98 1.83 -0.39 1.80 -1.44 0.19 -2.71 -0.19 -0.36 -3.83 -1.64 -0.60 -1.52 0.95 -0.83 0.76 -1.80 2.34
-64.95 -43.70 -1761.18 -159.97 -375.84 -129.02 -95.58 -398.20 -137.21 -24.08 -72.45 -68.45 -98.36 -33.83 -126.94 -85.97 -0.18 -1.53 -0.94 -0.89 -1.21 -1.80 -0.09 -0.15 2.32 -0.48 -0.96 -1.65 -2.31 -3.11 -5.75 -0.49 -0.98 0.89 0.08 0.74 -1.96 -5.44 1.24
-56.69 -28.06 -1768.15 -164.84 -381.81 -136.90 -94.79 -410.13 -132.72 -19.08 -72.99 -60.43 -84.48 -22.69 -129.87 -78.30 -0.18 -0.96 0.57 -0.81 -0.53 -3.41 2.56 0.00 2.57 -0.48 0.91 0.41 -2.31 -1.77 -2.73 -3.36 -0.98 1.54 -2.47 1.01 -0.88 -2.32 0.03
-67.54 -44.36 -1979.67 -160.66 -399.81 -135.83 -95.05 -390.78 -136.40 -27.53 -75.87 -64.86 -92.91 -52.16 -133.54 -79.61 -0.53 -0.17 -1.50 -1.61 -1.41 -1.56 -1.03 0.83 -2.65 -0.29 -1.43 -4.57 -0.67 -1.29 -6.99 -2.40 -1.75 1.07 0.95 -1.00 0.34 -3.50 4.04
-70.57 -43.47 -2027.17 -166.28 -409.06 -132.45 -90.07 -381.99 -130.52 -26.97 -83.79 -62.38 -94.27 -47.63 -139.52 -89.39 -2.45 -0.68 0.23 -0.84 -1.17 -2.21 -0.92 -0.62 -2.65 -0.29 -1.43 -4.57 -0.67 -1.14 -6.99 -6.13 -3.01 -1.72 1.37 -0.14 0.08 -5.46 4.09
-39.39 -39.25 -135.45 -1981.67 -249.47 -107.00 -120.58 -231.33 -54.72 -31.69 -62.45 -44.46 -106.26 -32.41 -281.90 -128.87 -2.01 -3.45 -4.03 -1.39 -0.77 -0.47 -2.68 0.88 -0.49 -0.76 1.40 -0.93 2.54 -2.59 -2.71 -14.95 -3.64 -2.53 1.27 -0.53 -4.48 -4.20 -3.31
-35.74 -35.23 -146.71 -1919.39 -250.55 -110.87 -128.13 -228.22 -64.05 -26.32 -58.84 -36.07 -117.80 -31.59 -292.73 -144.92 0.39 -3.45 1.44 -2.30 -1.36 -1.60 -2.78 -2.82 -0.36 1.60 0.97 -2.15 -2.42 -3.31 -1.14 -14.95 -1.95 -3.06 -2.18 -0.30 -0.41 0.41 -2.70
-33.47 -35.11 -121.06 -1923.73 -236.21 -107.50 -122.40 -216.54 -68.61 -26.68 -60.15 -41.90 -115.03 -34.98 -278.67 -128.79 -0.43 -2.23 3.52 -2.17 -0.31 -0.58 -1.86 -0.42 -0.41 -1.20 1.40 2.48 1.65 -0.83 -2.22 -11.87 -0.31 -0.91 -0.31 -0.98 -1.94 -0.65 -4.61
-36.14 -34.10 -129.72 -1969.64 -245.81 -118.19 -135.44 -236.54 -69.21 -26.57 -57.63 -41.21 -127.67 -39.51 -315.28 -132.56 0.36 -0.51 -0.70 -2.09 -1.54 1.41 -2.86 -0.42 -0.41 -0.76 0.88 0.19 -1.72 -2.53 -3.69 -14.95 -3.25 -4.39 -2.58 -1.01 -3.87 -0.38 -2.70
-42.54 -42.14 -134.46 -1975.68 -259.38 -108.69 -120.10 -231.74 -61.27 -36.18 -62.62 -49.35 -113.22 -34.36 -294.00 -139.23 -1.04 -3.52 -4.03 -1.39 -0.77 -0.47 -1.97 0.88 0.44 -0.06 1.44 -1.66 0.09 -2.59 -3.39 -11.96 -0.92 -2.53 1.27 -0.53 -2.78 -4.20 -0.02
-36.09 -33.42 -121.36 -1984.12 -249.15 -117.71 -129.70 -227.98 -61.00 -29.12 -56.94 -44.14 -123.20 -41.19 -314.07 -125.85 0.36 -0.51 -0.61 -2.09 1.71 0.91 -2.86 -0.42 -1.61 -0.76 0.88 0.19 2.16 -2.53 -3.69 -16.72 -3.25 -3.86 -2.58 0.64 -3.24 -0.38 -2.70
-34.26 -31.93 -140.33 -1963.93 -258.77 -109.23 -133.09 -235.79 -79.86 -26.08 -57.88 -37.40 -125.03 -39.85 -325.88 -156.74 0.14 -2.80 1.01 -2.24 -1.62 -0.47 -1.61 -0.09 -0.53 0.40 -2.08 -0.12 2.33 -0.27 -2.22 -14.95 -1.01 -1.94 -2.55 -1.28 -2.31 0.41 1.94
-33.95 -29.28 -116.35 -1920.48 -242.04 -121.61 -139.27 -217.69 -74.37 -29.19 -59.28 -44.91 -127.62 -45.55 -304.40 -131.06 -0.15 -0.49 -0.80 -2.09 -1.62 2.20 -0.28 1.17 -0.41 -2.96 0.76 -0.12 1.10 -2.53 -2.22 -14.51 -2.65 -2.48 -0.21 -0.21 -3.83 -0.38 -2.71
-29.62 -36.74 -116.91 -1960.35 -232.25 -116.27 -122.66 -217.08 -65.07 -31.85 -50.31 -45.92 -123.48 -36.44 -309.77 -136.17 0.36 -0.51 0.88 -1.21 1.71 1.41 -2.86 -0.87 -0.41 -0.76 0.76 0.19 1.10 -1.72 -2.48 -7.85 -3.25 -4.39 -2.58 -0.21 -4.92 -0.63 -2.70
-46.52 -34.80 -247.05 -179.51 -1784.97 -121.13 -114.26 -980.04 -61.91 -23.54 -38.40 -49.06 -37.73 -41.70 -119.43 -120.90 0.82 -2.07 -0.06 -1.50 -0.84 -0.10 -0.20 -0.63 -1.45 -2.71 -1.01 0.41 -1.11 -0.73 -0.37 -15.28 -2.39 -0.76 -2.56 -1.41 0.35 1.42 -1.12
-37.79 -27.63 -240.03 -175.07 -1810.67 -109.76 -101.61 -1000.73 -54.25 -17.79 -38.91 -51.82 -35.91 -45.15 -90.48 -118.47 1.10 -2.72 -1.56 0.18 -0.37 0.42 -2.47 -0.97 -1.76 -4.51 -0.58 -2.01 -0.11 -0.67 -1.78 -12.61 -2.29 -0.73 -1.34 -1.42 2.02 1.76 0.45
-50.34 -33.78 -215.30 -188.12 -1742.06 -129.57 -114.88 -970.12 -51.32 -29.18 -36.50 -52.49 -42.60 -52.03 -116.20 -111.17 1.58 -3.89 -1.45 -1.85 -3.13 -0.37 -0.27 -0.08 -0.10 0.84 1.07 -4.42 -1.54 0.95 -1.52 -6.55 -2.34 -0.98 2.98 -0.09 -0.14 1.11 -0.19
-44.59 -34.19 -213.53 -189.18 -1768.17 -126.30 -115.74 -972.92 -54.14 -28.86 -40.09 -58.89 -49.71 -41.30 -105.13 -126.83 1.58 -3.54 -1.95 -0.45 -1.39 -0.90 -0.28 -0.08 0.20 0.61 -0.23 -6.26 -1.07 0.94 -0.78 -3.19 -0.45 -3.78 -0.36 -0.60 0.32 0.96 -0.79
-57.64 -23.82 -247.44 -197.14 -1564.81 -103.75 -90.84 -954.97 -66.86 -21.54 -38.17 -37.08 -55.29 -46.82 -102.65 -77.76 0.14 -0.25 -3.06 -5.13 -2.21 1.47 0.74 -0.76 -3.33 0.43 4.12 0.59 0.16 -0.25 1.10 -12.25 -0.38 2.94 -0.32 2.09 -0.05 -0.69 -0.10
-60.79 -26.87 -276.28 -183.00 -1746.61 -116.41 -131.77 -976.61 -42.19 -13.10 -51.34 -39.74 -53.20 -33.56 -93.02 -91.26 -0.32 -1.48 -1.60 -2.46 -1.99 0.05 -1.11 -1.20 -1.02 -1.01 0.41 0.30 0.83 -0.71 0.47 -4.68 0.65 -1.70 -0.87 -0.15 -0.69 -0.28 -0.25
-57.69 -26.52 -270.55 -192.61 -1762.01 -116.10 -138.16 -981.78 -53.30 -18.24 -61.26 -45.82 -54.04 -38.49 -97.87 -102.01 -0.32 3.99 -0.86 -2.46 -1.99 0.05 0.86 -1.20 -1.01 0.48 0.41 0.30 0.07 -0.24 0.47 -2.12 -3.58 -1.09 -0.87 -0.15 -0.69 2.23 -0.25
-55.47 -22.78 -267.65 -196.00 -1709.95 -112.96 -133.68 -949.63 -58.25 -17.41 -56.13 -40.87 -53.20 -37.23 -109.09 -102.15 -0.31 -0.97 0.31 -2.46 -1.94 1.35 -0.89 -0.76 0.16 -3.39 2.55 0.77 0.07 -3.06 -0.78 -1.02 -3.59 -2.75 -0.86 0.49 -0.78 1.21 -1.17
-55.47 -22.78 -267.65 -196.00 -1709.95 -112.96 -133.68 -949.63 -58.25 -17.41 -56.13 -40.87 -53.20 -37.23 -109.09 -102.15 -0.31 -0.97 0.31 -2.46 -1.94 1.35 -0.89 -0.76 0.16 -3.39 2.55 0.77 0.07 -3.06 -0.78 -1.02 -3.59 -2.75 -0.86 0.49 -0.78 1.21 -1.17
-26.41 -75.14 -53.45 -49.48 -88.30 -1799.65 -226.11 -88.86 -28.55 -257.52 -621.39 -27.15 -22.60 -203.36 -57.37 -20.66 -5.68 2.48 -1.74 -1.28 -0.64 2.29 -1.96 -2.01 -6.22 1.75 -0.81 -2.96 -1.46 -0.03 1.84 -2.17 -4.31 -4.69 -4.79 -3.11 -2.91 -1.84 -2.29
-26.41 -84.41 -54.07 -49.48 -88.35 -1831.55 -224.44 -89.74 -28.55 -259.99 -626.55 -23.64 -22.60 -206.35 -57.37 -20.66 -2.66 1.30 -2.13 -0.20 -1.46 2.30 -1.95 -2.01 -6.22 0.75 -1.19 -2.96 -1.71 0.15 1.85 -2.17 -4.30 -4.70 -2.59 -3.11 -2.57 -1.27 -2.30
-26.41 -84.41 -54.07 -49.48 -88.35 -1833.08 -224.44 -89.74 -28.55 -259.99 -625.60 -23.64 -22.60 -206.35 -57.37 -20.66 -2.66 1.30 -2.13 -0.20 -1.46 2.30 -1.95 -2.01 -6.22 0.75 -1.19 -2.96 -1.71 0.15 1.85 -2.17 -4.30 -4.70 -2.59 -3.11 -2.57 -1.27 -2.30
-26.99 -95.70 -48.11 -49.32 -89.69 -1850.04 -223.35 -79.56 -28.86 -292.20 -615.55 -22.78 -23.13 -197.25 -47.96 -19.60 -5.67 -1.14 -0.13 0.11 2.07 0.64 -0.90 1.83 -7.23 1.79 3.22 1.46 0.58 1.43 0.33 -3.47 -1.80 -1.51 -2.83 -3.78 0.31 -1.70 -2.17
-26.99 -95.70 -48.11 -49.32 -89.69 -1850.04 -223.35 -79.56 -28.86 -292.20 -615.55 -22.78 -23.13 -197.25 -47.96 -19.60 -5.67 -1.14 -0.13 0.11 2.07 0.64 -0.90 1.83 -7.23 1.79 3.22 1.46 0.58 1.43 0.33 -3.47 -1.80 -1.51 -2.83 -3.78 0.31 -1.70 -2.17
-26.99 -95.70 -48.11 -49.32 -89.69 -1847.91 -223.35 -79.56 -28.86 -292.20 -612.40 -22.78 -23.13 -197.25 -47.96 -19.60 -5.67 -1.14 -0.13 0.11 2.07 0.64 -0.90 1.83 -7.23 1.79 3.22 1.46 0.58 1.43 0.33 -3.47 -1.80 -1.51 -2.83 -3.78 0.31 -1.70 -2.17
-26.99 -95.70 -48.11 -49.32 -89.69 -1847.91 -223.35 -79.56 -28.86 -292.20 -612.40 -22.78 -23.13 -197.25 -47.96 -19.60 -5.67 -1.14 -0.13 0.11 2.07 0.64 -0.90 1.83 -7.23 1.79 3.22 1.46 0.58 1.43 0.33 -3.47 -1.80 -1.51 -2.83 -3.78 0.31 -1.70 -2.17
-29.24 -90.84 -42.30 -47.43 -91.81 -1820.00 -221.50 -83.47 -31.75 -298.99 -625.06 -22.64 -23.13 -198.96 -46.43 -17.08 -5.67 -1.77 -1.50 0.11 0.49 0.20 -0.90 1.84 -5.13 -0.18 3.22 1.46 -0.49 -0.01 -0.88 -4.18 -3.11 -1.51 -1.57 2.29 0.24 -1.79 -0.98
-29.24 -90.84 -42.30 -47.43 -91.81 -1820.00 -221.50 -83.47 -31.75 -298.99 -625.06 -22.64 -23.13 -198.96 -46.43 -17.08 -5.67 -1.77 -1.50 0.11 0.49 0.20 -0.90 1.84 -5.13 -0.18 3.22 1.46 -0.49 -0.01 -0.88 -4.18 -3.11 -1.51 -1.57 2.29 0.24 -1.79 -0.98
-21.50 -293.57 -24.18 -69.78 -97.66 -237.08 -1916.13 -63.61 -32.49 -106.33 -134.93 -13.77 -26.45 -999.80 -29.40 -19.54 -4.85 -3.08 -0.92 -2.09 1.14 -1.40 0.78 1.10 -1.53 -0.65 0.72 -1.79 0.46 0.25 0.47 -0.97 0.04 3.06 -1.00 -1.45 -1.20 -4.35 0.10
-21.50 -293.57 -24.18 -69.78 -97.66 -237.07 -1915.59 -63.61 -32.49 -106.33 -134.93 -13.78 -26.45 -1002.10 -29.41 -19.54 -4.85 -3.08 -0.62 -2.09 1.14 -1.40 0.66 1.10 -1.54 -0.67 0.72 -1.79 0.46 0.25 0.47 -0.97 0.04 3.05 -1.00 -1.45 -1.20 -4.35 0.10
-21.50 -293.57 -24.18 -69.78 -97.66 -237.08 -1916.13 -63.61 -32.49 -106.33 -134.93 -13.77 -26.45 -999.80 -29.40 -19.54 -4.85 -3.08 -0.92 -2.09 1.14 -1.40 0.78 1.10 -1.53 -0.65 0.72 -1.79 0.46 0.25 0.47 -0.97 0.04 3.06 -1.00 -1.45 -1.20 -4.35 0.10
-21.50 -293.57 -24.18 -69.78 -97.66 -237.08 -1916.13 -63.61 -32.49 -106.33 -134.93 -13.77 -26.45 -999.80 -29.40 -19.54 -4.85 -3.08 -0.92 -2.09 1.14 -1.40 0.78 1.10 -1.53 -0.65 0.72 -1.79 0.46 0.25 0.47 -0.97 0.04 3.06 -1.00 -1.45 -1.20 -4.35 0.10
-21.50 -293.57 -24.18 -69.78 -97.66 -237.08 -1916.13 -63.61 -32.49 -106.33 -134.93 -13.77 -26.45 -999.80 -29.40 -19.54 -4.85 -3.08 -0.92 -2.09 1.14 -1.40 0.78 1.10 -1.53 -0.65 0.72 -1.79 0.46 0.25 0.47 -0.97 0.04 3.06 -1.00 -1.45 -1.20 -4.35 0.10
-21.50 -293.14 -24.18 -65.55 -97.49 -234.77 -1914.38 -62.29 -32.49 -105.65 -134.43 -13.77 -26.45 -996.72 -29.40 -19.54 -4.85 -3.08 -0.92 -2.09 1.14 -1.40 0.78 1.10 -1.53 -0.65 0.72 -3.02 0.46 0.25 0.47 -0.97 0.04 3.06 -1.00 -1.45 -1.20 -4.35 0.10
-21.50 -292.58 -24.18 -69.78 -97.66 -238.66 -1915.18 -63.61 -32.49 -106.33 -134.93 -13.77 -26.45 -998.87 -29.40 -19.54 -4.85 -3.07 -0.92 -2.09 1.14 -1.40 0.78 1.10 -1.54 -0.65 0.72 -1.79 0.46 0.25 0.47 -0.96 0.04 3.06 -1.00 -1.45 -1.20 -4.35 0.10
-21.50 -292.58 -24.18 -69.78 -97.66 -238.66 -1915.18 -63.61 -32.49 -106.33 -134.93 -13.77 -26.45 -998.87 -29.40 -19.54 -4.85 -3.07 -0.92 -2.09 1.14 -1.40 0.78 1.10 -1.54 -0.65 0.72 -1.79 0.46 0.25 0.47 -0.96 0.04 3.06 -1.00 -1.45 -1.20 -4.35 0.10
-21.50 -293.57 -24.18 -69.78 -97.66 -237.08 -1914.14 -63.61 -32.49 -106.33 -134.93 -13.78 -26.45 -994.56 -29.40 -19.54 -4.85 -1.67 -0.92 -2.09 1.14 -1.40 0.78 1.10 -1.54 -0.67 0.72 -1.79 0.46 0.26 0.47 -0.97 0.04 3.05 -1.00 -1.44 -1.20 -4.35 0.10
-48.97 -45.40 -215.83 -176.47 -988.53 -103.90 -82.49 -1702.49 -30.09 -25.06 -49.26 -44.97 -56.30 -47.24 -95.41 -59.71 -1.99 1.55 -1.76 0.27 -0.35 1.06 -2.21 -3.80 2.51 -0.76 -3.01 -1.86 0.84 -0.53 -3.95 -8.00 0.08 -0.81 3.77 0.94 -0.80 0.15 0.00
-39.19 -29.97 -186.12 -164.27 -1017.26 -106.08 -59.85 -1803.09 -37.37 -22.12 -19.33 -50.74 -60.12 -35.21 -71.74 -68.27 -1.34 -3.53 -1.79 -3.05 -0.24 2.81 0.31 0.92 -2.17 -2.02 -1.77 -0.67 0.57 0.41 0.98 -22.66 -3.44 -1.13 -1.94 -1.72 -2.80 -2.54 -0.40
-63.00 -40.19 -202.24 -145.04 -1061.27 -109.17 -75.34 -1835.18 -35.99 -25.54 -44.26 -41.13 -54.52 -42.94 -90.31 -71.22 0.57 -2.46 -2.72 -1.20 2.97 -1.00 -1.53 -0.17 -5.13 -0.89 -2.20 1.42 3.31 0.21 -0.68 -5.66 -0.28 0.03 -1.95 -0.68 -2.80 -1.31 0.24
-63.56 -34.50 -200.78 -157.32 -1062.86 -114.42 -69.75 -1852.81 -37.08 -18.94 -33.63 -36.40 -55.23 -41.21 -90.64 -66.23 -0.75 -3.53 -4.90 -1.49 0.20 -0.79 1.26 -2.83 -3.78 -0.28 -1.31 -0.60 0.05 -0.98 1.03 -11.60 1.05 0.03 -0.07 -1.41 -3.21 -2.43 1.10
-61.54 -34.18 -198.15 -161.74 -1061.19 -116.13 -65.68 -1862.71 -37.08 -21.29 -30.26 -39.32 -57.24 -43.23 -84.14 -70.63 0.43 -3.53 -4.90 -0.68 0.20 -0.05 1.26 -2.74 -3.78 -1.40 -1.31 -0.60 0.05 -0.98 4.10 -18.18 0.70 0.03 -0.07 -1.08 -3.21 -2.43 1.10
-57.04 -41.24 -216.69 -171.97 -1033.31 -105.21 -63.28 -1838.98 -35.42 -25.88 -45.06 -50.31 -58.58 -43.56 -91.24 -82.58 0.13 0.30 4.35 -0.62 -1.14 -1.78 1.26 2.43 -0.45 0.14 -2.94 -1.20 -0.21 -0.94 -3.31 -9.25 -0.70 1.96 1.88 -0.60 -3.63 -1.41 0.38
-67.44 -33.87 -208.32 -163.41 -1052.38 -118.32 -69.40 -1841.35 -42.43 -21.93 -25.33 -49.13 -67.00 -38.66 -68.28 -68.73 0.03 -3.53 -2.78 -2.69 -0.33 0.87 0.31 -0.91 -1.97 -1.64 -0.23 -0.63 0.05 0.47 2.98 -24.84 -1.76 -2.67 -0.07 -2.81 -3.21 0.01 -0.37
-43.43 -35.54 -222.37 -156.82 -968.65 -104.94 -80.84 -1836.74 -27.44 -27.50 -40.28 -51.87 -48.96 -45.90 -76.40 -68.71 0.07 -0.84 -0.49 -1.54 -0.55 -0.87 -1.12 -0.89 -0.71 -1.45 -2.65 1.16 -0.35 2.85 -2.22 -9.45 -0.49 -2.12 1.01 -0.60 -0.75 -2.45 2.32
-76.67 -37.15 -214.75 -162.63 -1063.22 -128.31 -74.21 -1848.26 -37.98 -23.17 -24.59 -46.72 -70.59 -39.18 -69.32 -62.63 0.03 -2.95 -2.78 -2.69 -0.55 0.86 2.23 1.76 -3.62 -1.40 -0.23 -0.49 0.06 -0.92 1.33 -23.88 0.70 -3.69 -0.07 -2.96 -3.21 -2.01 -0.37
-342.15 -46.56 -167.89 -136.28 -153.18 -123.98 -121.70 -135.17 -1972.80 -30.60 -43.37 -579.76 -299.60 -38.51 -80.60 -61.80 -0.77 -1.56 -0.97 -5.56 -1.20 -3.09 0.72 -0.84 -0.10 -0.37 -4.24 0.98 -0.62 -3.16 -1.39 -15.21 0.59 0.78 1.86 -1.44 0.30 -2.72 -1.93
-309.49 -50.27 -139.53 -113.64 -165.34 -101.60 -88.48 -138.44 -1924.20 -31.56 -42.65 -568.55 -329.87 -30.18 -84.56 -56.67 -3.56 -4.49 0.30 -0.12 0.80 -5.18 2.80 -2.15 0.68 -1.01 -0.67 -3.44 -2.15 -0.44 -2.11 -21.68 -0.31 -0.68 -0.22 1.39 -1.20 1.14 0.22
-320.22 -48.48 -137.99 -98.41 -163.62 -114.10 -90.34 -144.41 -1825.45 -31.56 -42.56 -541.06 -315.21 -32.78 -87.03 -56.75 -1.84 0.03 0.09 1.36 -0.64 -5.03 1.29 -1.25 1.23 -0.95 -0.49 -0.88 -4.00 -0.97 -2.63 -21.68 -0.04 -1.22 -0.83 0.94 -1.10 2.19 -0.71
-304.92 -53.45 -151.20 -131.73 -157.79 -115.71 -123.84 -171.62 -1881.00 -33.91 -40.01 -591.30 -308.90 -40.02 -110.84 -67.38 0.21 -0.13 -0.25 -1.81 3.93 -1.81 2.97 -3.03 0.02 1.84 -2.73 -2.08 0.39 -0.79 1.30 -16.56 -2.58 0.19 -0.55 -1.05 -0.08 -0.02 -1.24
-315.45 -49.26 -152.51 -134.05 -176.08 -105.49 -118.83 -167.57 -1906.37 -38.70 -51.39 -611.00 -323.34 -39.68 -134.04 -65.54 2.30 0.88 -0.25 -1.81 3.93 -4.12 4.38 -1.45 0.02 2.03 -2.39 -4.47 0.40 0.68 -0.22 -25.13 -1.13 1.41 0.28 -0.90 -0.08 1.44 -0.80
-315.45 -49.26 -152.51 -134.05 -176.08 -105.49 -118.83 -167.57 -1906.37 -38.70 -51.39 -611.00 -323.34 -39.68 -134.04 -65.54 2.30 0.88 -0.25 -1.81 3.93 -4.12 4.38 -1.45 0.02 2.03 -2.39 -4.47 0.40 0.68 -0.22 -25.13 -1.13 1.41 0.28 -0.90 -0.08 1.44 -0.80
-326.85 -38.24 -169.50 -108.95 -141.92 -107.46 -112.45 -144.79 -1933.26 -34.24 -49.92 -563.49 -279.31 -41.72 -84.33 -47.08 0.94 0.22 -1.52 -3.04 -0.24 -2.02 0.80 -2.94 -0.14 0.27 -1.31 -0.30 1.19 -1.87 -1.84 -17.32 -3.25 1.62 -2.05 -1.81 -0.71 -0.34 -1.82
-331.32 -39.08 -176.11 -121.66 -148.75 -111.23 -120.16 -152.85 -1955.30 -32.49 -46.57 -535.86 -298.62 -35.30 -73.20 -50.32 -0.80 -0.74 -0.12 -5.45 -0.81 -2.41 0.80 -1.94 1.13 0.59 -4.05 0.44 1.19 -5.05 -1.50 -19.15 -3.42 1.62 -2.31 -1.69 -0.71 -1.00 -2.59
-317.17 -51.78 -154.06 -129.10 -166.78 -103.94 -119.68 -167.27 -1888.56 -36.21 -61.02 -602.20 -323.93 -44.18 -127.34 -63.05 0.69 2.79 -1.14 -1.81 3.93 -4.12 4.38 -1.45 0.45 0.66 -3.07 -5.20 -2.15 1.55 -1.05 -16.58 -2.28 1.41 -0.41 0.02 -0.08 1.44 0.97
-40.34 -141.13 -31.52 -57.88 -35.43 -463.96 -182.22 -57.09 -44.32 -1750.54 -334.61 -38.49 -48.42 -147.44 -36.74 -21.11 0.00 5.24 -2.09 2.26 -0.70 -0.45 -3.68 1.54 -1.30 -1.93 -0.24 -0.86 4.35 -0.26 -1.82 -13.76 -1.52 -0.50 -3.84 -1.33 -0.24 -1.30 -4.74
-27.40 -153.53 -27.24 -44.61 -41.26 -462.61 -185.08 -45.69 -37.14 -1683.02 -352.28 -37.69 -39.84 -174.21 -32.29 -17.86 0.95 -0.31 -0.71 0.35 -2.11 2.48 -2.87 -1.19 -1.89 -1.24 -1.01 -1.45 -4.05 -0.66 0.04 -18.02 -2.03 -2.60 -3.63 -0.19 -1.23 0.59 -4.22
-18.47 -104.44 -19.85 -44.86 -35.80 -415.82 -191.10 -46.87 -22.53 -2074.79 -319.56 -16.72 -30.04 -163.52 -15.12 -12.47 -0.88 -0.11 1.96 0.57 1.18 -0.14 -1.59 -1.39 -2.79 0.15 0.00 -0.39 0.38 1.14 1.42 -10.01 0.18 -1.49 -1.97 0.41 -0.05 -5.72 0.08
-28.96 -76.96 -21.24 -58.60 -41.57 -189.57 -69.24 -25.28 -24.61 -1388.52 -86.58 -26.22 -24.50 -91.28 -12.45 -16.39 1.89 -0.04 0.86 -1.55 -0.71 -0.30 -4.08 -1.85 -2.79 -1.23 -0.75 0.02 -1.37 0.11 1.28 -5.32 0.90 0.22 -2.56 0.41 -2.50 -6.48 0.58
-22.12 -117.97 -21.16 -53.40 -30.89 -429.72 -195.18 -41.68 -22.69 -2092.78 -332.28 -24.36 -28.96 -179.87 -18.93 -12.02 1.29 -0.49 0.87 -1.37 -0.71 -1.76 0.00 -0.25 -2.79 0.15 -0.75 -0.39 -0.01 1.40 1.71 -8.58 0.18 -1.66 -2.56 0.41 -2.79 -6.48 0.52
-24.86 -112.93 -24.82 -56.37 -34.41 -449.87 -205.37 -35.56 -20.82 -2098.99 -319.09 -30.76 -24.32 -171.98 -17.43 -14.10 1.90 -0.47 0.74 -1.37 -0.71 -0.43 -0.03 -2.66 -2.79 -3.25 -0.74 -0.39 0.61 1.15 1.58 -7.87 0.18 0.22 -2.31 0.41 -2.51 -6.48 0.52
-30.09 -116.63 -27.55 -56.01 -35.45 -446.71 -200.93 -38.57 -24.95 -2090.41 -325.79 -26.82 -26.56 -171.56 -18.81 -15.17 1.90 -0.47 0.74 -1.37 -0.71 -0.35 -0.04 -2.02 -2.79 0.15 -0.75 -0.39 0.61 1.15 1.58 -7.87 0.18 -1.17 -2.31 0.41 -2.23 -6.48 0.52
-1.11 -1.47 1.60 -0.46 -1.69 0.02 -2.88 -2.00 -1.90 0.43 -3.81 -0.43 -2.22 0.57 -0.11 -2.92 -3.60 -1648.33 -20.75 -22.20 -286.19 -88.43 -18.02 -19.38 -125.34 -13.13 -2.76 0.71 -0.77 -1.01 -2.90 0.06 -2.39 2.71 0.29 1.77 -1.82 -0.22 -3.54
-23.68 -115.34 -24.04 -52.18 -32.92 -437.22 -195.53 -40.09 -25.05 -2066.53 -343.70 -30.35 -21.41 -177.68 -18.46 -15.10 1.90 0.03 0.74 -1.37 -1.63 -0.43 -0.98 -1.80 -2.97 -1.23 -0.75 -0.39 -1.65 1.15 1.58 -8.97 -1.31 -1.17 -0.63 0.69 -1.17 -6.48 0.52
-23.68 -113.21 -23.12 -52.66 -32.19 -434.50 -196.62 -33.00 -24.10 -2030.17 -324.02 -30.35 -21.41 -178.47 -15.40 -15.10 1.90 -0.31 0.74 -1.37 -1.45 -0.43 -0.98 -1.21 -3.05 -1.23 -0.75 -1.11 -1.65 1.15 1.58 -8.97 0.18 -1.17 -0.88 0.69 -1.17 -4.91 0.52
-12.77 -18.55 -36.48 -4.73 -28.39 -307.31 -28.47 -28.13 -11.30 -41.99 -1226.42 -14.97 -23.04 -30.89 -11.38 -9.29 0.48 -3.01 -1.35 -0.77 0.84 -1.69 -0.23 -2.40 -1.67 -1.24 -3.45 2.20 -1.13 -0.90 -1.83 -0.61 -5.36 0.47 -0.70 -2.61 0.92 2.44 0.26
-31.24 -98.91 -73.67 -59.80 -92.35 -722.45 -199.20 -89.71 -43.64 -327.76 -2026.12 -33.12 -23.06 -208.29 -44.70 -23.30 0.09 -0.24 -1.06 -1.01 -2.81 -2.00 -1.86 -0.73 -0.23 -1.59 -1.36 -0.95 1.29 -1.57 -1.69 -8.92 -3.39 -1.30 -0.60 -0.57 -3.14 -5.39 -0.52
-31.51 -95.04 -73.59 -60.81 -84.93 -729.09 -201.14 -87.74 -44.02 -330.53 -2027.28 -33.00 -21.81 -204.10 -49.22 -23.68 0.09 -0.24 -1.07 -1.00 -2.81 -1.99 -1.86 -0.94 -0.22 -1.37 -1.37 1.44 1.29 -1.57 -1.69 -8.92 -3.39 -1.30 -0.60 -0.42 -1.63 -5.38 -0.46
-26.59 -95.67 -72.49 -51.85 -85.27 -725.96 -202.08 -89.19 -36.18 -321.64 -2054.07 -27.82 -25.63 -201.55 -47.19 -18.61 0.65 -1.88 -0.86 -0.10 -3.76 -2.00 -1.21 -0.73 -0.02 -0.25 -1.36 -0.95 -3.35 -1.57 -1.00 -13.64 -4.20 0.47 -3.12 -1.98 -3.14 -2.26 -0.69
-31.23 -98.07 -71.35 -60.86 -81.16 -748.33 -209.58 -88.50 -41.36 -337.01 -1982.17 -29.45 -20.75 -207.67 -50.36 -21.76 1.28 -1.89 -0.87 -2.47 -2.83 -1.99 -1.21 -1.48 -0.23 -1.36 -1.37 1.44 1.29 -1.57 -0.99 -8.92 -0.11 0.13 -3.02 -1.98 -1.63 -1.33 0.30
-30.71 -95.79 -72.77 -57.23 -83.08 -741.85 -197.14 -81.79 -40.18 -342.22 -2052.83 -30.01 -19.69 -208.74 -40.76 -18.58 1.22 -1.88 -0.86 -1.01 -3.95 -2.00 -1.21 -1.37 -2.58 -1.37 -0.08 -0.45 -0.75 -1.57 -2.85 -7.78 -1.24 0.47 -3.12 -1.98 -3.14 -3.90 -0.52
-20.90 -119.05 -81.77 -63.27 -87.69 -764.73 -178.40 -87.05 -36.77 -353.55 -1824.11 -34.37 -33.63 -219.30 -41.89 -31.51 -1.48 -1.85 -1.45 -2.10 -0.70 -1.58 -3.97 -1.00 -0.14 -2.53 -0.79 -0.13 -3.51 -2.89 -0.17 -7.30 -0.88 -0.68 0.16 -1.62 -0.93 -2.65 -3.77
-28.51 -107.89 -75.67 -55.58 -71.66 -753.68 -188.45 -80.64 -41.02 -332.82 -1793.18 -41.18 -38.11 -218.41 -46.32 -25.62 0.24 -1.45 -0.54 -0.95 -0.45 -2.14 -0.56 -1.00 -0.98 -2.42 -0.79 -1.38 -5.11 -2.33 -1.15 -7.43 -1.66 -0.48 -0.90 -1.16 -0.99 -1.10 -2.67
-20.43 -113.23 -93.15 -65.44 -95.43 -773.19 -184.93 -82.55 -46.77 -322.16 -1735.80 -37.25 -37.32 -179.75 -36.55 -38.52 0.01 -2.22 -0.16 -1.25 0.39 -2.63 -2.22 -2.29 -2.23 -1.89 -0.25 -3.07 -0.43 -1.90 0.17 -5.95 0.29 -1.53 -0.32 -2.54 -0.10 -3.35 -3.60
-61.89 -35.24 -54.33 -61.52 -87.36 -21.98 -29.90 -95.28 -321.47 -34.92 -25.25 -1359.80 -109.73 -33.35 -53.50 -54.13 1.55 0.48 1.16 -0.70 0.22 -2.69 0.85 -3.47 -0.51 -2.52 -3.01 0.46 -0.58 1.34 0.48 -9.82 -1.55 -0.78 1.39 -0.19 -1.43 -2.20 -4.89
-2.03 -2.03 -0.12 -0.43 -0.65 -0.89 -1.52 -2.22 -3.35 0.33 -1.23 -1.55 -3.10 -6.78 1.28 -3.25 -3.10 -1514.57 -21.33 -18.01 -330.35 -92.70 -22.40 -23.55 -113.81 -19.78 -0.85 0.35 -2.65 -2.96 -2.63 0.22 -3.17 -0.11 0.32 3.05 -2.65 -2.53 -1.98
-259.94 -38.52 -98.84 -92.10 -144.19 -66.21 -82.06 -145.91 -622.88 -38.41 -29.73 -2108.91 -232.80 -34.02 -90.21 -53.08 0.91 3.28 1.15 -0.37 -1.06 -2.72 0.09 -2.28 -0.72 -2.32 -1.70 -1.44 -0.30 1.34 2.77 -9.83 -0.97 0.01 1.38 0.99 -0.28 -2.15 -2.61
-280.05 -41.67 -116.44 -96.57 -153.58 -70.34 -93.57 -157.47 -637.74 -41.97 -33.62 -2091.36 -238.95 -36.27 -100.82 -56.78 0.91 3.28 -0.45 -0.39 0.21 -0.71 -0.03 -2.28 0.32 -2.06 -2.08 0.41 -2.88 2.10 1.18 -8.59 0.39 -0.61 -0.96 1.28 -1.42 -1.97 -4.89
-280.27 -35.24 -99.44 -79.82 -144.44 -77.16 -69.85 -154.19 -655.88 -34.92 -25.25 -2117.87 -239.09 -31.98 -91.64 -54.13 0.90 3.29 1.16 -0.70 -0.22 -2.69 0.46 -2.95 -0.52 -0.69 -2.56 0.40 -0.61 0.84 0.48 -9.82 -0.79 -0.78 1.39 1.28 -1.43 -1.97 -4.88
-338.53 -41.78 -146.73 -109.38 -185.99 -98.38 -93.45 -186.27 -726.47 -44.07 -43.67 -1952.46 -289.49 -37.20 -94.48 -57.02 0.54 1.41 -2.31 -1.22 -1.09 -2.43 -2.36 -2.40 0.36 0.33 -3.77 1.88 -2.85 0.68 0.67 -10.92 -1.59 -3.42 0.98 0.73 0.27 -0.09 -2.72
-288.88 -38.44 -119.62 -87.36 -143.40 -75.72 -82.38 -158.97 -658.61 -38.41 -29.72 -2136.79 -241.58 -33.50 -99.28 -56.62 0.91 3.28 1.15 -0.15 -1.06 -2.72 1.27 -2.95 -0.90 -2.32 -1.89 0.41 -2.88 0.85 2.64 -9.82 -1.74 -0.61 1.39 -0.51 -1.42 -1.97 -4.89
-284.66 -35.24 -101.58 -80.91 -142.66 -77.22 -70.08 -149.53 -664.78 -34.92 -25.24 -2113.83 -239.09 -31.97 -94.44 -54.13 0.91 3.29 1.16 -0.70 -0.22 -2.69 0.72 -2.95 -0.51 -0.69 -2.56 0.41 -0.61 0.64 2.70 -9.82 -0.78 -0.79 1.39 1.28 -3.12 -1.97 -4.89
-288.31 -38.53 -92.08 -74.10 -146.11 -68.89 -83.80 -141.58 -579.87 -38.41 -29.73 -1980.68 -230.25 -34.01 -104.18 -51.48 -0.43 -3.03 -0.44 0.14 -1.28 -1.18 0.54 -3.01 0.12 -3.10 -2.21 -2.97 -0.95 4.96 2.06 -9.82 -0.56 0.01 1.62 1.17 -1.01 -1.84 -2.61
-286.00 -38.53 -89.95 -96.56 -159.92 -71.89 -74.65 -163.04 -651.18 -38.41 -29.73 -2089.38 -235.54 -37.72 -106.75 -54.07 0.91 3.29 -0.44 -3.11 -1.07 -1.61 0.13 -2.95 -0.09 -2.31 -1.54 -0.35 -0.61 1.60 3.35 -9.82 -1.70 -0.78 2.51 1.54 -0.26 -1.97 -5.33
-230.48 -41.15 -81.31 -165.10 -114.28 -71.94 -81.61 -149.72 -234.43 -28.43 -15.28 -168.54 -1893.01 -35.28 -117.94 -45.36 -2.61 4.51 5.85 -2.63 -2.23 -1.68 0.70 -2.15 -0.54 0.28 0.47 -2.26 -1.69 -0.32 -0.18 -17.73 0.05 -1.33 -4.05 0.70 -4.07 -1.40 -2.03
-254.42 -37.30 -86.72 -181.18 -145.86 -100.49 -97.82 -176.52 -261.06 -19.59 -26.10 -206.03 -1900.57 -38.62 -121.84 -41.57 -1.74 3.41 3.71 -0.06 -1.82 -1.11 -3.02 0.44 0.75 -1.56 -1.41 -0.85 2.62 -1.11 -0.58 -19.06 -2.36 -2.62 -2.33 -1.02 -2.44 -2.58 -0.59
-254.43 -44.45 -107.88 -176.87 -121.38 -80.91 -99.27 -151.70 -276.14 -24.53 -21.48 -200.15 -1993.13 -33.98 -122.57 -36.72 -0.26 3.90 0.77 -2.73 -2.06 -2.99 -3.32 -0.02 -0.67 0.61 -0.95 0.10 -2.36 -0.97 -1.13 -9.02 -1.55 -1.12 -3.02 0.42 -0.28 -1.40 -2.82
-259.85 -41.28 -104.66 -178.57 -120.42 -84.48 -93.54 -165.43 -270.38 -26.59 -21.06 -204.51 -2020.14 -33.16 -123.88 -41.24 -1.77 3.90 0.77 -2.73 -1.63 -3.49 -3.32 -0.49 -1.32 -3.68 -2.05 -2.32 -2.68 0.75 -1.13 -10.44 2.12 -1.12 -4.16 -1.43 -0.28 -1.35 -2.83
-276.86 -33.82 -92.40 -171.24 -108.69 -72.19 -93.08 -152.27 -281.25 -28.02 -14.60 -207.83 -1847.58 -26.20 -99.39 -31.80 -1.66 -1.24 2.85 -0.49 -2.34 -0.21 0.32 -1.58 -0.17 0.32 -1.74 -0.95 -3.16 1.84 1.30 -9.86 -2.09 -1.30 0.91 -0.50 -0.93 -0.87 1.42
-264.03 -43.28 -79.62 -172.42 -128.02 -84.82 -85.49 -165.40 -257.68 -23.37 -23.84 -213.14 -1883.50 -33.92 -114.20 -36.54 -1.81 -1.45 -0.02 -5.69 -0.04 0.48 -4.92 -1.72 -0.09 -0.52 -0.82 -1.80 0.58 -2.57 0.51 -11.75 -3.18 -2.58 -4.19 -1.46 -2.13 0.32 1.15
-248.44 -45.06 -88.13 -179.59 -135.94 -95.27 -94.17 -161.56 -254.61 -25.72 -30.15 -211.15 -1909.32 -37.55 -109.27 -35.77 -1.81 1.83 -0.03 -4.50 -0.27 -2.69 -6.58 -1.72 -0.09 -0.28 -1.01 -1.80 -5.55 -2.57 0.51 -14.64 -3.18 -2.90 -3.49 -1.48 -2.13 -1.29 0.09
-253.62 -52.93 -111.30 -177.14 -141.33 -89.98 -100.64 -173.49 -279.95 -31.01 -18.85 -209.25 -1997.20 -42.19 -120.33 -40.16 -0.33 0.47 -1.19 -2.73 -0.91 -2.25 -1.41 -0.97 -0.16 -0.22 -0.85 -2.22 -1.61 0.30 -1.34 -11.92 4.47 -0.81 -4.16 -0.24 -1.11 -1.35 0.69
-265.41 -45.70 -81.33 -183.07 -146.74 -90.25 -98.07 -174.58 -271.56 -22.26 -28.72 -210.90 -1892.68 -42.68 -108.72 -40.40 -1.69 0.35 0.15 1.36 -0.27 3.42 -3.08 0.44 -0.09 -0.54 -1.87 -1.42 -2.64 -2.13 -1.21 -20.10 -0.29 -3.34 -3.49 0.23 -0.28 -1.70 2.45
-25.27 -325.70 -29.31 -49.00 -59.68 -236.84 -811.23 -51.23 -27.24 -85.31 -184.44 -16.55 -32.13 -1802.39 -20.31 -30.15 -0.55 -1.60 -6.09 -2.73 0.75 1.44 0.93 -1.47 -7.52 -2.63 -1.53 1.47 -0.11 -2.83 -1.02 -4.71 -0.86 -2.50 -2.60 -1.39 1.65 -0.90 -0.27
-23.14 -301.72 -32.75 -35.47 -48.84 -255.37 -771.11 -73.95 -19.42 -88.89 -141.15 -17.14 -23.31 -1721.27 -22.98 -16.43 0.41 -2.45 0.07 1.21 -2.06 -0.49 -1.84 -1.10 -4.00 -1.35 0.69 0.73 0.25 -1.41 -2.83 -0.53 -0.17 -0.61 -3.79 -0.52 0.13 -2.78 -3.09
-20.88 -352.51 -32.13 -38.75 -64.84 -281.92 -781.90 -85.37 -20.85 -115.78 -145.93 -25.13 -40.99 -1858.44 -23.71 -16.04 -0.22 -0.62 -0.68 2.48 -1.08 -0.99 -3.53 -1.09 -1.73 -0.56 -0.50 0.68 -1.22 -0.80 -2.09 -5.04 -2.89 0.14 -2.33 -1.26 -0.59 -0.94 -0.42
-20.05 -354.43 -32.13 -43.26 -59.25 -271.86 -791.00 -93.18 -21.48 -119.51 -131.92 -25.13 -40.41 -1880.09 -23.15 -16.04 -0.14 -0.62 0.23 2.48 -1.08 -0.99 -1.84 -1.62 -4.11 -0.95 -0.50 -0.26 -1.77 -1.32 -2.09 -5.04 0.91 -0.30 -2.33 -2.79 1.21 -0.94 1.21
-23.63 -317.84 -46.60 -42.88 -59.82 -216.49 -741.44 -60.10 -21.51 -74.57 -147.04 -17.84 -25.10 -1699.77 -17.83 -33.22 -1.28 -1.01 -0.52 -0.76 -0.53 0.82 -0.17 -5.30 -6.80 -3.33 -1.87 1.62 1.52 -1.85 -1.12 -5.17 -1.04 1.33 -0.10 -0.08 -0.37 0.27 -0.75
-26.60 -313.05 -41.71 -36.77 -57.01 -218.27 -762.80 -53.80 -24.87 -79.56 -160.03 -18.81 -24.79 -1745.15 -20.52 -32.00 -1.28 -0.05 -1.19 -0.10 -0.42 -0.17 0.18 -1.08 -5.77 0.09 -1.93 1.47 0.31 -2.35 -1.12 -5.17 -0.44 1.33 -0.10 -2.04 -0.99 0.27 -5.56
-23.13 -335.12 -29.43 -49.78 -60.66 -238.14 -810.01 -49.42 -27.35 -100.36 -176.74 -15.00 -24.81 -1831.56 -24.45 -35.80 0.11 -0.18 -1.52 -1.18 -1.85 -0.44 -0.18 -0.16 -1.52 -1.13 -1.62 1.62 -3.34 -0.94 -1.15 -9.15 -1.19 -1.83 -2.56 1.59 2.90 -3.10 -0.26
-24.21 -58.53 -31.45 -32.03 -39.90 -76.10 -440.43 -42.72 -28.71 -65.86 -76.97 -35.66 -29.05 -1104.15 -31.59 -25.95 -1.12 -3.56 -1.00 1.66 -1.79 -0.52 -5.51 -2.18 -4.38 -1.67 -0.86 -1.08 1.04 -1.78 -3.70 0.24 -2.68 -1.38 -0.97 0.48 -2.67 -3.51 0.12
-20.04 -328.24 -17.06 -41.15 -49.92 -260.79 -806.18 -72.20 -30.15 -128.72 -128.78 -22.66 -24.07 -1557.38 -25.53 -19.16 1.02 0.01 -1.15 1.70 -3.94 -3.62 -1.21 0.53 -4.21 -4.08 0.92 -1.02 1.99 2.37 -1.78 -5.13 -2.63 -1.46 -1.82 -0.06 -0.65 -2.03 -0.67
-66.05 -15.69 -109.27 -410.05 -198.08 -110.35 -90.57 -160.45 -55.79 -15.07 -48.39 -43.79 -74.02 -32.91 -1999.13 -135.09 -1.31 -1.74 -1.64 -0.47 2.83 -2.27 0.21 3.74 -1.42 -0.86 -1.96 1.06 2.25 -0.10 -3.09 -14.15 1.51 -1.62 0.27 3.27 0.02 -1.77 -0.16
-59.91 -17.11 -104.75 -367.81 -181.35 -106.03 -103.53 -153.85 -68.48 -20.61 -45.53 -36.85 -85.43 -29.82 -1978.90 -139.22 0.89 -2.64 -3.21 -1.18 0.55 -2.27 0.35 3.73 -1.42 -0.73 -2.81 -0.82 2.20 1.46 -0.35 -19.93 -0.69 -8.72 -0.28 3.12 0.03 0.85 0.27
-61.36 -2.81 -114.67 -371.09 -171.47 -100.46 -93.60 -164.78 -48.78 -15.94 -40.27 -37.45 -76.02 -22.14 -2048.85 -145.01 -1.65 -0.48 -2.21 1.53 5.36 -0.66 0.10 2.75 -0.39 0.26 -2.12 -0.99 2.50 -3.14 -2.15 -11.33 -1.73 -5.59 -2.86 0.42 -0.18 1.12 -0.16
-61.36 -2.81 -113.16 -368.86 -170.57 -100.44 -91.94 -162.18 -48.59 -15.94 -40.27 -37.45 -74.22 -22.14 -2052.41 -143.32 -1.65 -0.48 -2.22 1.53 5.36 -1.20 -0.16 2.75 -0.39 0.25 -2.12 -0.98 1.66 -3.14 -2.15 -11.33 -0.62 -5.58 -2.86 0.42 -0.18 1.80 -0.16
-61.36 -2.81 -113.16 -368.86 -170.57 -100.44 -91.94 -162.18 -48.59 -15.94 -40.27 -37.45 -74.22 -22.14 -2052.41 -143.32 -1.65 -0.48 -2.22 1.53 5.36 -1.20 -0.16 2.75 -0.39 0.25 -2.12 -0.98 1.66 -3.14 -2.15 -11.33 -0.62 -5.58 -2.86 0.42 -0.18 1.80 -0.16
-60.75 -2.83 -114.67 -367.71 -171.47 -98.71 -93.60 -164.78 -46.47 -17.78 -39.31 -37.45 -76.02 -21.22 -2046.81 -145.01 -1.65 -0.49 -2.24 1.53 5.36 -0.66 1.09 2.75 -1.42 0.25 -2.12 -0.99 2.51 -0.75 -2.15 -11.33 -1.73 -4.24 0.17 0.42 -0.18 1.12 -0.16
-66.05 -13.51 -111.21 -415.39 -202.47 -112.67 -93.56 -163.42 -58.53 -15.07 -47.62 -43.79 -78.17 -32.90 -1970.08 -144.30 -1.31 -1.75 -1.63 -0.47 2.83 -2.26 0.22 3.75 -1.41 -0.92 -1.96 1.07 2.26 0.81 -3.08 -14.15 1.50 -1.63 -0.90 3.28 0.03 -1.77 -0.17
-66.05 -13.51 -111.21 -415.39 -202.47 -112.67 -93.56 -163.42 -58.53 -15.07 -47.62 -43.79 -78.17 -32.90 -1970.08 -144.30 -1.31 -1.75 -1.63 -0.47 2.83 -2.26 0.22 3.75 -1.41 -0.92 -1.96 1.07 2.26 0.81 -3.08 -14.15 1.50 -1.63 -0.90 3.28 0.03 -1.77 -0.17
-61.36 -2.63 -112.59 -366.73 -170.16 -92.81 -94.49 -161.88 -46.82 -14.67 -40.27 -37.45 -70.84 -22.14 -2057.87 -144.19 -1.65 -0.49 -2.22 1.53 5.13 -0.66 0.57 2.75 -1.42 0.26 -2.12 -0.99 2.50 -0.75 -2.15 -11.33 -1.73 -5.59 0.06 1.12 -0.18 1.80 -0.16
-26.89 -32.85 -89.76 -240.18 -209.55 -87.93 -97.58 -187.27 -46.34 -24.14 -33.70 -39.50 -33.33 -34.89 -121.00 -1785.76 -0.14 -0.35 -1.85 0.13 -1.86 0.96 -3.18 -1.89 -0.18 -0.34 -1.21 3.80 -1.64 -2.21 2.53 -7.74 -4.09 -1.22 -1.61 0.26 -1.03 3.45 -2.28
-30.46 -35.91 -96.29 -270.28 -230.46 -93.40 -88.36 -183.98 -47.99 -16.43 -35.35 -45.71 -55.95 -35.51 -176.50 -1593.83 9.99 -1.86 0.56 -0.87 -1.94 -0.73 -1.26 -3.04 1.18 -0.70 0.07 -0.36 -0.04 1.42 -0.05 -5.93 0.52 -2.07 -0.01 -4.29 -3.61 1.13 1.26
-31.13 -38.25 -95.39 -255.92 -220.79 -92.37 -97.10 -164.30 -51.49 -16.70 -34.68 -53.36 -54.60 -32.95 -170.08 -2019.11 4.81 0.54 -1.61 -0.60 -0.73 -2.13 -1.38 -1.70 1.18 0.59 -1.70 4.15 -0.38 0.21 0.32 -8.56 -1.29 -2.13 0.90 -2.61 -2.87 2.60 -2.39
-34.57 -40.38 -98.44 -286.36 -224.83 -90.14 -87.53 -164.53 -56.79 -20.02 -38.47 -48.24 -50.75 -25.80 -165.04 -1881.37 6.74 -2.23 0.58 -0.40 -3.31 -2.43 -1.26 -4.51 0.62 -0.03 -1.61 2.85 -0.66 -0.16 -0.05 -9.57 -1.07 -0.68 2.33 -1.93 0.14 0.54 0.29
-35.07 -39.17 -103.89 -286.48 -227.28 -95.85 -91.66 -169.32 -60.49 -21.17 -40.04 -53.96 -54.83 -28.51 -159.72 -1988.68 2.23 -2.46 1.20 -0.40 -1.15 -2.13 -1.26 -3.04 1.47 -3.49 -1.61 2.86 -3.33 0.66 0.32 -9.41 -1.29 -3.03 1.42 -3.49 0.14 4.72 -2.54
-31.87 -41.45 -86.80 -291.55 -221.77 -83.98 -104.09 -180.90 -64.12 -18.28 -28.64 -45.09 -67.60 -33.43 -184.64 -1912.64 9.88 -0.49 0.17 0.62 -2.66 -0.75 -0.70 1.68 0.73 -0.22 -1.71 4.14 0.21 1.98 0.36 -0.47 -0.45 -3.02 -0.02 -3.63 -0.50 0.94 0.43
-26.46 -35.94 -80.19 -258.49 -220.52 -64.92 -96.66 -186.97 -66.61 -21.15 -29.29 -51.48 -52.34 -33.06 -180.48 -1988.61 1.89 -0.49 0.57 0.49 0.39 -2.10 -2.77 -1.78 1.35 -3.04 0.33 4.57 -3.53 0.78 -0.10 2.82 -1.74 -3.02 -0.58 -1.57 4.87 3.87 -2.40
-21.38 -36.63 -78.68 -255.85 -224.19 -66.58 -91.96 -195.65 -75.51 -16.08 -25.27 -50.74 -52.66 -30.30 -167.71 -1878.17 4.07 -0.49 0.57 1.71 -0.63 -2.04 -2.18 -1.41 1.35 -3.04 -0.59 4.49 -3.53 -0.19 0.62 -2.79 -1.74 -3.02 -0.92 -0.43 2.81 4.63 -2.54
-47.36 -36.97 -99.74 -294.33 -223.70 -89.32 -107.30 -185.76 -68.42 -18.68 -26.00 -33.89 -62.66 -26.31 -148.97 -1777.75 -2.79 -0.36 0.50 0.67 0.08 -1.14 -0.05 -0.07 1.33 0.14 -5.04 3.04 0.82 1.66 -0.31 -5.86 -1.66 -2.46 -1.18 -0.72 -0.75 0.58 0.44
-0.80 0.07 -3.10 -0.91 0.32 0.75 1.23 0.49 -0.71 3.38 -1.70 -0.32 0.92 -0.69 -0.52 2.24 -1175.71 1.20 -0.95 -2.45 -2.09 -1.65 -3.52 -1.98 -0.60 0.73 0.54 1.53 -3.87 -1.27 0.07 1.05 0.26 -0.64 0.36 -0.17 4.08 -0.18 -1.72
-2.29 1.25 -0.38 2.39 -0.83 -0.18 -0.68 -0.95 5.14 -1.46 1.79 -0.99 -2.55 -0.19 -0.93 0.02 -1112.79 1.02 -0.24 -0.19 -1.16 0.02 -0.23 -2.15 -1.73 2.16 -1.71 3.13 -1.39 -0.25 -1.88 -0.88 -0.02 -0.84 0.07 0.21 -0.38 1.38 -2.35
-1.47 -0.68 -1.11 0.69 0.71 -3.37 0.08 0.68 -0.60 1.51 -1.71 -1.77 -2.06 0.40 -1.64 6.26 -1188.27 -0.88 -2.04 -1.93 -2.76 -2.42 -2.57 0.01 -1.42 1.08 -3.04 0.43 0.52 -0.47 -0.83 -0.98 0.08 -0.84 0.84 0.63 0.00 0.61 -1.36
-1.71 0.90 -1.12 0.21 -0.83 -0.23 0.05 1.54 5.14 -0.70 1.79 -1.60 -2.06 0.58 -0.32 6.92 -1131.26 -0.36 -3.63 -0.54 -0.93 0.56 -0.23 -2.06 -1.73 -2.00 -2.84 3.13 1.90 -0.25 -0.66 -0.88 -0.02 0.61 -0.71 0.50 1.72 1.56 -0.17
-1.13 0.07 -0.53 0.28 -0.28 -1.19 -1.44 1.31 1.20 1.05 -1.73 -2.52 -1.08 0.02 0.02 3.67 -1219.59 -2.56 -5.04 -3.65 -1.25 -2.34 -2.57 -2.39 -1.08 -0.23 0.73 1.51 -1.16 0.74 -1.52 -0.63 -0.63 -2.18 -0.24 -0.65 4.16 1.38 -2.01
-1.30 0.07 -1.86 -0.91 -0.52 0.13 1.23 0.49 -0.10 3.54 -1.42 -0.32 0.92 -0.69 1.03 1.90 -1184.80 1.20 -0.95 -2.45 -2.09 -1.65 -3.52 -1.98 -0.60 0.73 1.12 1.53 -3.87 0.11 -1.52 0.90 0.26 -0.64 0.36 -0.17 -0.46 0.73 -2.06
-1.13 0.07 -0.48 0.28 1.36 -1.19 -1.44 -0.61 1.08 -0.70 -1.62 -2.52 -1.08 0.02 0.91 3.43 -1210.34 -3.16 -6.07 -3.65 -2.09 -2.81 -2.57 -2.22 -3.13 -0.23 -1.35 1.51 -1.16 2.62 -1.52 -0.63 -1.32 -3.05 -0.24 -0.65 3.33 1.38 -2.35
-1.72 -1.54 -1.72 1.27 1.63 -1.19 -2.40 1.31 1.08 -0.08 -2.02 -2.51 -1.08 0.31 0.73 3.42 -1103.01 -3.16 -6.08 -3.65 -1.16 -2.80 -3.24 -2.23 -3.46 -1.32 -1.35 1.52 -1.16 2.63 -1.53 -1.04 -0.63 -2.00 -0.24 -0.65 3.34 -1.09 -2.36
-4.39 -3.79 -2.90 -1.56 -0.99 -2.05 -1.86 -0.69 -0.82 -0.38 -2.41 -0.69 -1.56 -2.30 -2.54 0.36 1.40 -1542.12 -22.70 -22.91 -332.38 -93.68 -11.99 -19.34 -93.30 -20.78 -3.24 -1.07 -2.07 -1.52 -2.80 -2.03 -1.75 -2.27 -0.99 -1.70 0.80 -2.19 0.34
-1.14 -1.55 -1.10 -0.64 0.81 -1.82 -5.13 2.09 1.08 0.60 0.28 -2.52 -1.08 -1.96 0.91 3.43 -1208.55 -3.16 -6.07 -4.14 -1.96 -3.75 -3.15 -2.55 -3.13 -1.98 -1.35 1.51 -3.54 2.62 -1.88 -0.73 -0.63 -2.40 -0.82 0.98 3.33 1.29 -2.35
-2.58 -0.67 -0.82 -1.32 0.04 1.65 -0.69 -1.87 -2.28 -2.70 -1.78 -1.59 -2.02 -1.69 -1.09 -1.08 -0.24 -3.27 -0.67 -1.88 2.04 -3.73 -0.72 4.46 3.32 -0.27 -1767.28 -4.25 -0.60 -0.99 -1.53 -1.84 -1.99 -1.56 -8.69 -1.08 0.53 -2.85 -0.39
-2.94 -2.26 0.42 -1.02 -1.69 -1.61 1.46 -1.33 -4.57 0.80 -3.19 -3.59 -1.93 -1.57 0.10 -1.89 -1.55 -2.47 1.89 -1.38 -1.35 -0.30 3.44 -2.77 0.12 -2.65 -1742.43 -2.47 -1.33 -1.00 -0.96 -3.74 -4.04 -0.83 -6.69 3.42 -1.56 -2.76 -1.79
-2.58 -1.83 0.41 2.03 -1.80 -0.94 -0.68 -1.62 -2.21 -0.63 -0.60 -2.50 -2.52 2.05 -1.90 -1.47 -0.38 -2.47 1.06 -4.65 2.04 -2.71 -1.58 1.19 0.13 0.48 -1783.90 -2.07 -2.06 -0.77 -1.40 -3.11 -2.15 -1.79 -9.41 -2.93 -2.62 1.11 -0.57
0.05 -1.93 -1.64 -2.08 -2.55 -2.33 -1.85 -1.86 -2.17 -0.52 1.72 -1.03 -1.39 -4.21 -2.70 -2.36 -1.54 -2.37 1.09 -0.07 0.06 -0.19 -1.18 -0.22 -1.71 -0.71 -1679.20 -3.41 -0.66 -0.41 -1.19 -1.59 -5.25 -2.41 -10.90 0.12 -0.72 0.81 -1.56
-2.95 -1.16 -0.42 0.33 -2.16 1.01 1.46 -4.67 -4.65 0.66 3.12 -2.41 -3.65 -1.54 0.80 -1.92 -3.80 -2.47 1.15 -1.86 -0.04 -0.30 3.56 0.63 1.13 -2.65 -1739.41 -0.13 -1.33 -1.00 0.02 -2.56 -3.52 -1.41 -6.26 -0.26 -0.35 -1.90 0.59
1.62 -4.38 -1.83 1.22 -3.05 -0.51 -2.65 -2.54 -2.63 -0.11 -3.46 -1.32 -4.37 -1.89 -1.69 -0.78 -2.31 -0.23 -1.47 -0.86 -0.86 -4.01 -1.43 -2.80 -0.36 -2.82 -1617.47 0.54 -3.44 -1.64 0.34 -2.07 -5.62 1.25 -11.77 0.77 1.52 1.55 -0.18
0.05 -2.12 -1.47 -2.08 -2.55 -2.33 -1.85 -1.86 -1.64 -0.52 0.45 -1.03 -1.39 -4.21 -2.70 -2.36 -1.54 -2.37 0.76 -0.07 -0.58 -1.32 -1.18 -0.60 -1.71 -2.45 -1684.74 -2.71 -0.66 -0.41 -1.19 -2.52 -5.25 -0.76 -9.00 0.12 -0.72 1.14 -0.46
-1.77 -1.96 0.41 -1.14 -2.56 -1.61 0.29 -1.50 -1.41 2.37 -1.91 -4.09 -0.09 -1.54 1.63 0.63 -5.52 -2.47 1.86 -1.38 1.21 -0.61 3.09 -0.57 -0.24 -0.51 -1769.42 -1.66 1.22 -1.00 -0.13 -1.86 -5.11 2.44 -6.26 -1.38 -0.13 -3.78 -1.46
-0.17 -1.66 -0.78 -3.34 -0.33 -0.90 0.13 -0.85 -3.23 1.86 0.45 -1.68 -3.88 -0.93 -0.77 -0.52 -2.09 -2.37 0.14 -0.79 -0.40 -0.73 0.71 -2.11 0.50 2.46 -1655.35 -3.30 -1.93 -0.82 -1.70 -3.30 -5.64 -1.54 -7.11 -0.53 1.65 -0.26 -0.34
0.15 -1.79 -3.92 2.69 -1.06 -3.12 0.30 -2.14 -4.50 1.71 -2.52 0.39 -0.61 0.90 -0.52 1.63 -1.60 -1.16 -0.46 -0.45 1.24 -1.18 -1.04 -0.28 0.13 0.01 -0.85 -985.99 1.92 -1.94 -0.99 -2.59 -2.10 1.06 2.39 -4.43 2.17 -0.39 -2.74
-1.21 0.39 -3.34 -0.61 0.37 -1.30 -1.50 -3.01 -3.08 0.61 -1.09 0.39 -0.79 -0.46 1.03 1.83 -2.38 -0.05 0.54 -0.30 -3.58 -0.35 -0.29 0.36 -2.36 -2.10 -3.39 -940.33 0.04 0.37 -1.37 -2.38 -1.34 0.99 -0.65 -2.40 0.83 -1.89 -2.12
-3.74 -3.83 -0.70 1.05 0.50 -2.14 -0.17 -0.24 0.27 0.82 -2.44 -2.33 -1.40 -2.16 -0.39 2.36 1.00 0.67 -3.36 -1.09 0.59 -2.69 -0.45 2.81 -1.39 1.81 -3.90 -873.38 -1.99 -0.46 2.17 -2.19 -1.04 -3.86 0.14 -4.87 -1.13 -2.30 -1.44
2.29 1.50 -3.92 1.97 -0.82 -3.47 -2.56 0.29 -0.61 0.09 -3.91 -1.16 -0.02 0.08 0.67 2.59 -2.01 -0.47 1.04 -0.72 -3.09 -3.21 -2.85 -1.91 -2.25 -0.14 -1.74 -948.31 0.75 -1.58 -2.10 -3.18 -3.14 1.63 -0.68 -3.16 -1.98 0.02 -0.36
2.29 -0.36 -3.21 -0.77 -1.06 -2.17 0.30 -2.95 2.43 0.08 0.16 0.39 -1.21 0.33 -2.54 3.12 -2.46 -0.06 2.63 -1.76 -1.90 -0.71 -1.04 -0.28 -1.38 1.28 -0.85 -960.02 1.93 -0.27 -2.66 -0.32 -1.48 1.06 -2.24 -4.43 1.33 -1.70 -2.74
-3.34 -2.36 -3.19 -1.13 -2.09 -1.21 0.17 0.32 -1.85 -0.85 -2.47 -1.38 0.20 -0.13 0.61 2.44 -0.05 -0.95 0.32 -2.92 0.67 -2.73 -0.08 4.81 -0.23 1.80 -5.37 -918.33 -2.14 1.74 -1.96 -1.25 -2.51 -3.09 2.38 -1.32 -1.03 -0.10 0.38
-1.99 -1.63 -0.88 -3.61 0.24 -2.05 -0.76 1.04 -3.05 -3.16 -1.57 -0.93 -1.62 -3.03 1.07 0.38 0.06 -1363.63 -16.63 -17.40 -299.20 -103.94 -14.23 -19.83 -122.54 -8.32 -0.96 0.46 -1.93 -1.26 -1.87 1.93 -2.49 -5.70 0.91 1.59 -0.27 -0.19 -0.04
-0.96 0.93 -1.65 -0.03 0.33 -2.92 0.98 -1.28 -0.84 -0.53 1.22 -2.50 -1.50 -0.46 -1.15 5.36 -3.01 2.15 -0.83 1.22 -0.33 -1.85 0.31 2.30 0.49 2.05 -3.35 -912.67 3.21 1.18 0.19 -1.71 -2.88 0.36 -2.08 -2.12 -2.88 -0.80 -0.99
1.12 -2.21 0.62 -0.92 0.93 -4.29 -3.53 -2.27 0.27 0.54 -1.90 0.39 -2.65 0.35 1.59 0.61 -1.20 -2.63 0.50 0.29 0.45 -2.52 -2.19 -1.05 0.82 1.25 1.05 -823.84 2.44 -3.24 -2.52 -2.58 -2.76 -0.42 -0.27 -3.62 -0.18 -1.60 -0.04
-2.24 -0.62 -3.20 1.05 -3.86 -1.62 0.17 0.64 0.75 -0.86 -1.70 -1.52 0.63 -0.18 0.61 0.42 1.50 -0.46 -3.68 -2.92 -1.23 -2.72 -0.07 4.81 -0.53 1.81 -6.27 -917.89 -2.14 0.24 -0.98 1.03 -2.51 -2.22 0.55 -2.43 -0.52 -0.10 -1.29
-1.11 -1.47 -0.09 -0.46 -1.69 0.02 -2.88 -2.00 -1.90 0.43 -3.81 -0.43 -2.22 0.57 -0.11 -2.35 -3.60 -1663.54 -20.75 -21.71 -296.03 -89.24 -21.82 -17.71 -126.63 -15.11 -2.76 0.71 -1.23 -1.01 -3.03 0.06 -2.39 1.46 0.29 0.24 0.44 -0.22 -3.54
